vt,alpha,beta,phi,theta,psi,P,Q,R,pos_n,pos_e,alt,pow
536.4748145150419,0.03941071653640178,0.011014851981810084,-0.03151999933498128,0.01582586545439646,-0.06514793013505127,0.0,0.0,0.0,0.0,0.0,3528.785370207758,8.00181401259548
536.480321078533,0.03872044288599397,0.010770557203059415,-0.03153917635678493,0.015729130909612147,-0.06507166365439827,-0.001056417107555663,-0.005395699801784666,0.004309659108181344,17.852792850739966,-0.9468875352458178,3528.3755963163194,8.033649611975154
536.4869677374414,0.03797644763846358,0.01039815495888651,-0.03157739566077992,0.015507403869028408,-0.06485592976161648,-0.0013533804801874076,-0.007895907255576613,0.008120901576671058,35.70583548123966,-1.89708158262418,3527.9755837057683,8.05793371028687
536.4943797948038,0.03724298688114608,0.009916106520031127,-0.03161605469500261,0.015244377103167466,-0.06452037202556715,-0.0012623661008170034,-0.008229171086110425,0.011412070601113319,53.55913789322416,-2.850395178179117,3527.584167883557,8.073911429072021
536.5022313443181,0.03656407280879647,0.009342816329955657,-0.03164809201877181,0.015000430561459758,-0.06408449410674413,-0.001014379092205515,-0.006985016781036418,0.01417504542531682,71.41270830888266,-3.80663984903073,3527.2005237429616,8.081202907639623
536.5102417507699,0.03597061489263892,0.0086961926697315,-0.03166947919040139,0.01482026145010144,-0.0635672149476913,-0.0007265154235475751,-0.004653461988792659,0.016413770314292114,89.2665503818884,-4.765628654425305,3526.8240857073856,8.079790782871827
536.5181618068011,0.03548010207911501,0.007993633744998537,-0.03168039265903926,0.014732679276935659,-0.06298675092725153,-0.00046200850246993705,-0.0016228805224747104,0.018141780427123253,107.1206651094493,-5.727177602274582,3526.454535141322,8.069930359078038
536.5257663831479,0.03510017516103364,0.007251748698218791,-0.03168303405031031,0.014754489528212473,-0.06236038816892009,-0.00023760404905546074,0.0017997615151781835,0.019380923806897113,124.9750501497729,-6.691107668016249,3526.091750291826,8.052107151369679
536.532856057772,0.034832527905579,0.00648605131993948,-0.031678257197711786,0.014894717918369483,-0.06170418770382156,-6.399500084165667e-05,0.0053667755854956735,0.02015910149585384,142.8296981176161,-7.657247388722112,3525.7357523459655,8.027034028006533
536.5392494536941,0.03467233877847425,0.005710972948845234,-0.03166797602145784,0.01515410705752096,-0.061033032082173144,6.969739986722876e-05,0.008892322866435484,0.020509983931437263,160.68459789059816,-8.62543346964772,3525.386699502776,7.995594817723789
536.5447850135141,0.03461111389096246,0.004939639693941431,-0.03165357864820108,0.01552825143531215,-0.06036042893614316,0.00017408184979554912,0.01223568896461183,0.020471040562877723,178.53973370001287,-9.59551276980508,3525.044840901492,7.9588250081344105
536.5493234284236,0.03463824897442404,0.00418374035566752,-0.03163597108014437,0.01600936128737521,-0.05969841437157943,0.00025482606300222615,0.015291789856810626,0.020082258281034885,196.39508488792924,-10.5673437397116,3524.710485732351,7.917888797758826
536.5527449054271,0.03474050940967213,0.003453608704499419,-0.03161593200070089,0.01658577454078599,-0.059057626659312974,0.0003193693645729888,0.017993147401444105,0.019386086758638243,214.25062657238567,-11.540795953685116,3524.384004903177,7.874054679542028
536.5549542166464,0.0349041912493637,0.0027580822185618824,-0.03159403671774947,0.017244427459260667,-0.05844720725439977,0.0003715322985357298,0.020296190608474592,0.01842557698538549,232.10632961534262,-12.515751806403788,3524.065787394136,7.828657572272304
536.5558834968972,0.03511622603851571,0.002104434495185343,-0.031570849263601077,0.017972152065978058,-0.05787475909840071,0.0004138183496335678,0.022173927670527796,0.017243336061890314,249.96216097536313,-13.492107457848606,3523.7562145510083,7.783066803278171
536.5554911402503,0.03536333698142047,0.0014985317037084645,-0.03154679932093177,0.01875483868908641,-0.057346470409893824,0.00044838962402447846,0.023619429562614248,0.015881560495606205,267.8180845399921,-14.469771715575748,3523.455669067518,7.738666448396772
536.5537602285658,0.035631276270862204,0.0009449655339926533,-0.031522292554273634,0.01957656629650593,-0.056867235333578015,0.00047245242928615653,0.024649978973477406,0.014382673417651242,285.6740608264274,-15.448664715137676,3523.1645541939333,7.6968784355034
536.5507023909624,0.0359077127440922,0.00044697450781354007,-0.0314977564720142,0.02042309016418524,-0.05644062143477061,0.00048546425384222546,0.025286388645386244,0.012786237329403987,303.53004947087,-16.428719830180942,3522.8832217755707,7.659040326821159
536.5463581408354,0.036182468411096395,6.438677807775288e-06,-0.03147363543624114,0.021282132774157237,-0.05606886743630452,0.0004899421266764364,0.02555125505005751,0.011128673787974677,321.38600948030853,-17.40988383658457,3522.6119658813673,7.626393480589167
536.5407964578864,0.036447404438696894,-0.00037609281114460945,-0.031450363052099764,0.02214326690683941,-0.055752906301242015,0.0004907272546445767,0.025469414141539755,0.009443287227182306,339.24189934150587,-18.39211669825627,3522.3510247118797,7.600081957032588
536.53410713477,0.03669394865415814,-0.0007008607035087085,-0.03142807442880064,0.02299532523005024,-0.055492825022617494,0.0004836121733377436,0.02507870174857914,0.007761160585467602,357.09767880779754,-19.37538716105607,3522.1006249895004,7.58114576072874
536.526402876022,0.036914565200332226,-0.0009690923820467297,-0.03140727654911165,0.023827986068297363,-0.055287732680240904,0.0004698194426899312,0.024422182895017006,0.006110874661055795,374.9533084976413,-20.359674240788454,3521.8609569249556,7.570515656945981
536.5178136829929,0.03710361229346001,-0.001182826231873416,-0.03138834896631005,0.024632937002539504,-0.05513592304643921,0.00045157799194158127,0.023539451497716354,0.004517046901312437,392.808752253938,-21.344966507245267,3521.632148904006,7.568939912967768
536.5084845200876,0.03725694651828001,-0.0013447780510245757,-0.03137134997435795,0.025403499052896527,-0.05503498678665335,0.0004281645791602473,0.022467676785027087,0.0030002614280293964,410.6639778515842,-22.331261124527433,3521.4142728351258,7.576971764174056
536.4985730687057,0.03737170960074579,-0.001458270782440755,-0.03135621352547596,0.026134391899250594,-0.05498188498409516,0.00039776469247537684,0.021242450925640338,0.0015774054424710097,428.5189570366615,-23.318563124732105,3521.2073500891306,7.594977980029547
536.4882450892059,0.03744574731426272,-0.0015271073527558935,-0.03134326878813354,0.026821047421366973,-0.054973088875083974,0.00036354530711117677,0.019900964601785375,0.00026279548596698163,446.373665190154,-24.306883793144376,3521.011369482101,7.623175939179998
536.4776723462562,0.03747806127257429,-0.001555500925919115,-0.03133260292505285,0.027460218397256334,-0.05500463086679612,0.0003274221718958208,0.0184776281306227,-0.0009327052814808671,464.22808236097615,-25.296240484787578,3520.826273267792,7.661598830882376
536.4670242427273,0.03746852478555695,-0.0015477939776422118,-0.03132420959165337,0.028049773590682697,-0.0550723794711218,0.00029027973082782453,0.017002892279072056,-0.002001529635432781,482.08219437870406,-26.286654310702115,3520.651962579338,7.710084762954159
536.4564672344715,0.037417851615359744,-0.0015084391256422398,-0.03131801179253408,0.02858866764624853,-0.05517205863347712,0.00025219303253141653,0.015503270670562928,-0.0029393603223671367,499.93599288664007,-27.278149958461082,3520.488298258377,7.7682776394139905
536.4461570522584,0.03732719683807598,-0.0014417671940724149,-0.03131405434548759,0.029076522233010334,-0.0552994846906247,0.0002156323638010884,0.014002023574397292,-0.0037442226333365943,517.7894751336437,-28.270753216872087,3520.3351140952814,7.835661431397471
536.4362539807942,0.03719863638907946,-0.00135254269066006,-0.03131210257485081,0.029513938689947658,-0.05545001589046183,0.0001802714237190276,0.012521951893199091,-0.0044168655375536586,535.6426420920608,-29.264495628040137,3520.192207667972,7.911585907678394
536.4269078369953,0.03703470928748338,-0.0012454365065265002,-0.03131184843277353,0.029902181416641683,-0.05561907521110712,0.00014478434579472777,0.011082771822201992,-0.004960158362750615,553.4954993908048,-30.259409777630893,3520.0593513598587,7.995277043443781
536.4182499512996,0.03683812114405548,-0.001124754107702994,-0.03131307692372848,0.030242931785468784,-0.05580242197110393,0.0001090318759105058,0.00970032363561675,-0.005378621762033559,571.3480577463658,-31.25552679112882,3519.936300243169,8.0858457951103
536.410393167666,0.036611744161218,-0.000994435535130735,-0.03131566610451129,0.030538288141600516,-0.05599615182942037,7.406137232150218e-05,0.008386571686631199,-0.005678427713882387,589.2003329628117,-32.252876333837165,3519.8227920789523,8.18228810032428
536.4034318435748,0.03635861713304776,-0.0008580554046608497,-0.03131958708424053,0.03079076580300362,-0.05619669678544925,4.2106805655680576e-05,0.007149604407410238,-0.005867399522150804,607.0523459317864,-33.251486610877976,3519.718547317075,8.283484877961701
536.3974424247409,0.03608192666966353,-0.0007188465709015572,-0.03132483929523548,0.031003251632340977,-0.056400802523194855,1.596784552732095e-05,0.005994109150714825,-0.00595484417713359,624.9041221571786,-34.25138440583213,3519.623270902395,8.388217568325807
536.3924916670251,0.03578488371121954,-0.0005800226731939333,-0.03133091204108784,0.031178584384765114,-0.056605222515848354,-7.011024789733496e-06,0.0049266147783296145,-0.005949861278357593,642.7556865292752,-35.252596143279156,3519.536669456523,8.495335264809533
536.3886303740145,0.03547085846188034,-0.0004444982032040266,-0.0313376827124652,0.03131996593469495,-0.05680699700071395,-2.6997548320605648e-05,0.003950471193975241,-0.005862800946994317,660.607067530762,-36.255146970227656,3519.458435303335,8.603620029378492
536.385889091792,0.03514306162958951,-0.00031473103227407063,-0.03134506736948307,0.03143060038159559,-0.05700360734092639,-4.3437439981434205e-05,0.00306658893948516,-0.005704250473787142,678.4582955878919,-37.25905859092579,3519.388259880984,8.71185364616875
536.3842787538953,0.03480448216243319,-0.0001927515659342229,-0.031352862806559634,0.031513579456271895,-0.0571929480932458,-5.6397169338255436e-05,0.002274373680216514,-0.0054846435379827365,696.3094020759613,-38.264349149033016,3519.32583819704,8.818851258967747
536.3837906813163,0.03445788724864011,-8.016274390256482e-05,-0.0313607465524157,0.03157188252086854,-0.05737332700805762,-6.656396060700328e-05,0.0015717262050501252,-0.005214260207331066,714.1604193193106,-39.27103322762007,3519.2708688284924,8.923461371214296
536.3844004759073,0.034105883392488705,2.1759015616024512e-05,-0.03136845305364157,0.031608407834423466,-0.05754337343326675,-7.556284480232954e-05,0.0009554902181248672,-0.004903188158863117,732.0113796591512,-40.27912259885605,3519.223053538661,9.024586346195026
536.3860728697299,0.033751048852295386,0.00011194495935774309,-0.03137603850197585,0.03162609729230185,-0.057701928805262516,-8.296403324771022e-05,0.00042155057179486355,-0.004561512267344851,749.8623151758793,-41.288627360484554,3519.182093146537,9.121179487702358
536.3887569868167,0.03339571867257638,0.00018969215902331067,-0.0313834737318365,0.03162772612888554,-0.05784819360944775,-8.721160895345437e-05,-3.52251938146701e-05,-0.004198824023697705,767.7132575054371,-42.2995542405011,3519.1476949589405,9.212262076736954
536.3923893562721,0.03304194425542156,0.0002545968265810093,-0.03139067644483242,0.03161581127202366,-0.057981669160442846,-8.81284553294597e-05,-0.000420203806483036,-0.003823844942335397,785.5642361172863,-43.31190674503222,3519.119577251358,9.296971268101952
536.3968939436544,0.032691493577432146,0.00030655352431567285,-0.031397512321414855,0.03159261122157668,-0.05810215689264002,-8.692756664305345e-05,-0.0007389811283763062,-0.003444425147340509,803.4152783035468,-44.32568516308534,3519.097469280359,9.374560362969758
536.4021829690025,0.032345863638551735,0.00034573755218944476,-0.03140382325365942,0.03156013585939582,-0.058209742052397324,-8.570665812013702e-05,-0.0009973462252603725,-0.0030675462689419702,821.2664090806287,-45.34088671661028,3519.081111028015,9.444399604331124
536.4081640542327,0.03200643597931976,0.0003724531625046004,-0.03140966647487811,0.03152029819841846,-0.058304650062961524,-8.296784861333198e-05,-0.0012012695458466938,-0.0026995850203615796,839.1176509496763,-46.357507061003524,3519.070248249256,9.505963232194643
536.4147352941179,0.03167439781532051,0.00038725676475931663,-0.03141500686492923,0.03147485971694179,-0.05838735606902875,-7.887260944149866e-05,-0.0013572531158121022,-0.0023464106562330203,856.9690247894897,-47.37553931453037,3519.0646337692197,9.558814420814542
536.4217910565318,0.03135071170527137,0.0003908438552950871,-0.03141979893732498,0.03142534220925616,-0.05845848333626431,-7.401292697709671e-05,-0.0014714669079210576,-0.0020129347421160796,874.8205479354625,-48.39497459146361,3519.064032106781,9.602649556056527
536.4292235470785,0.03103612907928322,0.0003840158649935792,-0.03142403450860314,0.031373032595855596,-0.05851877295893387,-6.858632282328259e-05,-0.0015496228356055458,-0.001703072066497181,892.6722338753966,-49.41580224451694,3519.0682195569093,9.637303444152115
536.4369228090927,0.030731190238860406,0.00036768015927663355,-0.031427742698327,0.0313189829234378,-0.05856908385990355,-6.239585381390963e-05,-0.0015969747529650782,-0.0014197406407893852,910.5240922495018,-50.43800986484498,3519.076984190672,9.662749311698635
536.4447778125193,0.030436240548061193,0.0003428304868845727,-0.031430985351891226,0.03126402569251808,-0.058610372914690526,-5.4969550782420305e-05,-0.0016183087074226603,-0.0011649183778590796,928.3761288642038,-51.46158349095066,3519.090125358585,9.67909503848203
536.4526833089684,0.030151579543285293,0.0003104348597630531,-0.03143377228392236,0.03120894117387493,-0.05864357532879448,-4.6904963142544245e-05,-0.001618267839201493,-0.0009402894746081971,946.2283466153342,-52.48650908675286,3519.1074476971467,9.686532025904723
536.460528570023,0.029877319021405335,0.000271654041508515,-0.031436077383916336,0.0311543409170867,-0.05866982269452839,-3.873418349896264e-05,-0.0016017377194168126,-0.0007468452995345999,964.0807461614775,-53.51277043628727,3519.12876460148,9.685346804692054
536.4682085311633,0.02961345584493283,0.00022763026655665323,-0.031437900976311134,0.031100688870396985,-0.058690238295272215,-3.075746467558635e-05,-0.0015730618061962093,-0.0005849247452095855,981.9333247839897,-54.540350927905926,3519.1538986754094,9.67592388292848
536.4756264436292,0.02935990227687547,0.00017943812996745807,-0.03143926940342333,0.031048325274239917,-0.05870588820693219,-2.3206627578217863e-05,-0.0015359477370008722,-0.00045429824212739887,999.7860762811212,-55.56923402967345,3519.1826810680527,9.658741108969645
536.4826938744208,0.029116485980737163,0.000128084587425215,-0.03144023502544808,0.03099746666124019,-0.05871778129794082,-1.6245061194551296e-05,-0.001493467328625587,-0.0003541677587052325,1017.6389909680156,-56.59940328936704,3519.214951473817,9.634369671442387
536.4893307062983,0.028882950020518,7.450895523850476e-05,-0.03144087622045915,0.030948205856213034,-0.05872686922925686,-9.967722594172406e-06,-0.001448056577198738,-0.0002831668012832256,1035.4920556767113,-57.63084233447645,3519.2505581324017,9.60347409924473
536.4954651391637,0.028658952986388063,1.9582937823831305e-05,-0.031441297353680536,0.030900512160620338,-0.05873404646854548,-4.398467583022008e-06,-0.001401516638880208,-0.00023936120445053425,1053.3452537599221,-58.66353487285602,3519.2893578212183,9.566812133708677
536.5010337451699,0.028444154075893423,-3.5850856041449075e-05,-0.03144157281722826,0.03085436349416082,-0.058740177804132876,1.6284293420057737e-06,-0.0013558014390413749,-0.00022083613466166132,1071.1985679239417,-59.6974650108337,3519.3312103772464,9.525141698150962
536.5059796101123,0.02823817677777405,-9.095484517223811e-05,-0.03144167406654831,0.030809703663181916,-0.0587461219523343,7.518569206674924e-06,-0.0013129250216632902,-0.00022558892381683904,1089.0519797825873,-60.73261689701376,3519.37598040215,9.479240135859477
536.5102560697932,0.02804058560365833,-0.00014499349672077315,-0.03144159566285805,0.030766372825957462,-0.058752644397785034,1.1827007635386945e-05,-0.0012741954821346149,-0.0002512053472537067,1106.9054682434664,-61.76897522123873,3519.423540404074,9.429945753762578
536.5138283835572,0.02785095250810735,-0.0001973403513592976,-0.03144137151164676,0.030724196872268565,-0.058760405256129716,1.4178577633863073e-05,-0.001240597625833148,-0.00029522938584901175,1124.7590112574087,-62.80652569930779,3519.473767188209,9.378095675332087
536.5166737342905,0.02766885688861491,-0.0002474780232800612,-0.031441074862675694,0.03068298742340359,-0.058769959274022385,1.5267889589144236e-05,-0.0012127929681258291,-0.00035516322601860994,1142.6125858184641,-63.845255072976805,3519.52654185679,9.324525840583297
536.5187812284212,0.02749388558560751,-0.0002949982001953195,-0.03144081830997802,0.030642541832158175,-0.05878175582912643,1.685933126959115e-05,-0.0011911197343687366,-0.0004284672597174654,1160.4661679639032,-64.88515110995829,3519.581749809098,9.27007100607496
536.5201497575919,0.027325630731071998,-0.00033956716670581916,-0.03144062582628727,0.030602649691568513,-0.058796167940586175,1.897667213077291e-05,-0.0011757415746227549,-0.0005126902302547207,1178.319733619016,-65.92620241654149,3519.639280297537,9.215543071540452
536.5207848841162,0.027163669916397213,-0.00038088034107993274,-0.031440440073607634,0.030563078785878658,-0.05881353772519881,1.9690230515770524e-05,-0.001166766799063921,-0.0006054001726672291,1196.1732588408354,-66.96839800359963,3519.699026896762,9.161731624724256
536.5207026397981,0.027007594314283814,-0.0004187320591605523,-0.031440351644117494,0.03052359094508815,-0.058834114116596205,2.0250650681645413e-05,-0.0011640307460349451,-0.0007041109025920859,1214.0267193637649,-68.01172787967849,3519.7608870507074,9.109407870753124
536.5199281201972,0.026857027505652314,-0.00045299407289733603,-0.03144040732476809,0.03048397178718461,-0.05885806532946571,2.1131513912737786e-05,-0.0011672689419898674,-0.0008065830700138058,1231.8800921764869,-69.05618313462031,3519.8247605995366,9.059276906734729
536.5184954560184,0.026711625558208447,-0.0004836150868482108,-0.031440607660555654,0.030444030943974736,-0.05888547921596209,2.19774082222224e-05,-0.0011761195427101476,-0.0009108271620302847,1249.733355538894,-70.10175593813949,3519.8905497672304,9.011977247631886
536.5164478131118,0.026571077026443183,-0.0005106207581793727,-0.03144090695452137,0.03040360206108432,-0.05891636326570751,2.1603928352108508e-05,-0.0011901233333046655,-0.0010151035028528003,1267.5864889820905,-71.14843953982262,3519.958159161588,8.968080826262558
536.513835373834,0.026435096238597435,-0.0005340925562650785,-0.03144132016073796,0.030362538208143577,-0.05895066822440052,1.9740744205512737e-05,-0.001208764424575767,-0.001117855011513933,1285.4394736063605,-72.19622808071372,3520.027495818961,8.928088914503094
536.5107112742821,0.026303398188436584,-0.0005541265704542371,-0.03144198888904615,0.030320687664579342,-0.05898833274953922,1.8717523904338603e-05,-0.0012315148756148067,-0.0012175035659035742,1303.2922919275188,-73.2451160828183,3520.0984700827157,8.892448345801796
536.5071364077872,0.026175724645246423,-0.0005708925698000338,-0.03144278568609123,0.030277915331543948,-0.059029214255354304,1.6912411437121657e-05,-0.0012577367493677768,-0.0013127276990684599,1321.1449273673036,-74.29509902962829,3520.1709950003064,8.861554502539136
536.5031744177568,0.026051845426077913,-0.00058458563841164,-0.03144364104837124,0.030234112880344017,-0.05907314234813111,1.3411786757793626e-05,-0.0012868197729896203,-0.001402437358232811,1338.997365871947,-75.34617311249104,3520.2449853352573,8.8357125217073
536.4988913911822,0.02593155782253331,-0.0005954230258828319,-0.0314445623168998,0.03018919860218843,-0.05911992234816996,8.299835605914023e-06,-0.0013181885700034412,-0.0014857669776358923,1356.8495959812044,-76.39833520724845,3520.3203575458074,8.815135901375955
536.4943558586398,0.025814686600766173,-0.000603644147291991,-0.031445633677206195,0.03014311740818834,-0.059169335289786164,2.658549506670097e-06,-0.0013513026603005065,-0.0015620754785320165,1374.7016088283535,-77.45158287423695,3520.3970297849123,8.799946500692249
536.4896387942899,0.025701084001481363,-0.0006095105832021036,-0.031447016159335296,0.030095840829357165,-0.05922113792130997,-1.4322742291230885e-06,-0.0013856564601402441,-0.00163094626919054,1392.5533981401948,-78.50591435828753,3520.474921900242,8.79017453988082
536.4848101962733,0.02559061344798759,-0.0006132868242774675,-0.03144864108686792,0.030047348945482666,-0.05927507721341651,-4.045313090916936e-06,-0.0014207672262478066,-0.0016921105160016348,1410.4049596812724,-79.56132823591575,3520.553956049881,8.785786171511056
536.4799390359125,0.025483144047820316,-0.0006152442151635086,-0.03145034010044811,0.0299976222674446,-0.059330890074358426,-7.093773420643265e-06,-0.0014561459005943812,-0.0017453837459410029,1428.2562905986174,-80.61782337625031,3520.6340571344626,8.786704726832891
536.4750948873461,0.02537857170923066,-0.0006156677292533414,-0.031452246978888,0.02994666803373036,-0.059388302387691314,-9.645509094240429e-06,-0.0014913497197136935,-0.001790763221910406,1446.1073905301073,-81.67539925978146,3520.7151515209453,8.792770138821021
536.4703430800531,0.02527680371743542,-0.0006148258094272756,-0.03145440371323717,0.02989450515439627,-0.05944705216534295,-1.1287687724924937e-05,-0.0015259968047320108,-0.0018283714239712612,1463.9582614435076,-82.73405555325753,3520.7971673344705,8.80375772871371
536.4657446803062,0.025177758659372766,-0.0006129702577487976,-0.031456758843344416,0.029841164131378904,-0.05950688963016567,-1.2142475917155597e-05,-0.0015597661532817894,-0.0018584557339891379,1481.808907634623,-83.7937921078922,3520.8800344606975,8.819378317845214
536.4613564911725,0.025081366423702203,-0.0006103362354645698,-0.0314591674578578,0.02978668705849511,-0.059567577215936356,-1.2867039266633499e-05,-0.0015923976395016727,-0.001881388435633758,1499.6593357272984,-84.8546089593645,3520.9636845458053,8.839278227645767
536.4572307561435,0.02498756633400072,-0.0006071429031009256,-0.03146148604520746,0.029731124963712816,-0.05962889103359843,-1.4592089163677652e-05,-0.001623680946556229,-0.0018976519235855654,1517.509554361856,-85.91650631199876,3521.0480510766806,8.863050175900987
536.453415379092,0.02489630295552737,-0.0006036044206802141,-0.03146389528903996,0.029674530081470533,-0.05969061791790361,-1.7188415312770972e-05,-0.0016534085969899528,-0.0019077395972460763,1535.3595729316355,-86.97948453122373,3521.1330697219673,8.89027352883526
536.4499544396145,0.024807532999295008,-0.0005999226555443461,-0.03146636078563737,0.029616966786049085,-0.0597525515713423,-1.9383708786175027e-05,-0.0016814305331277512,-0.0019121874039877882,1553.2094028025876,-88.04354411765223,3521.2186778622054,8.920473515423
536.4468849045384,0.024721215338069206,-0.0005962732247790644,-0.031468841666604346,0.0295585007221507,-0.059814510519650456,-2.06332036103251e-05,-0.0017076368136610778,-0.0019115715777382675,1571.059056503879,-89.1086855189705,3521.304814658282,8.953156566775936
536.4442364021576,0.02463731005701209,-0.0005928050423359788,-0.031471326776580044,0.029499197601122438,-0.05987633932687318,-2.1196220667973435e-05,-0.0017319538386610148,-0.0019065051281675423,1588.9085476100481,-90.1749091179563,3521.39142107697,8.987814754018206
536.4420312222339,0.024555778453682325,-0.0005896403190325665,-0.03147383467323816,0.029439123200956242,-0.05993790859536468,-2.213616769818917e-05,-0.0017543443495782718,-0.0018976378406881024,1606.7578907410061,-91.24221523247893,3521.4784398909296,9.023925788286343
536.4402845684302,0.024476583249272096,-0.0005868764741571532,-0.03147641418553249,0.029378343365074465,-0.05999911350817023,-2.454621436892772e-05,-0.0017748041545098563,-0.0018856269088063575,1624.607101429551,-92.31060410870339,3521.565815676706,9.06095665156442
536.4390071514006,0.024399691932258962,-0.0005846043608960268,-0.03147907688808257,0.02931692579729219,-0.06005985697967838,-2.5461817348213558e-05,-0.0017933392469880033,-0.001870978498456765,1642.4561951670864,-93.38007592953237,3521.6534947937107,9.098387546131393
536.4382033934752,0.024325074266868266,-0.0005828942498970217,-0.031481748686334424,0.029254939241950096,-0.06012005863336503,-2.6210059426179297e-05,-0.001809988312357664,-0.0018543393065074607,1660.3051881371719,-94.45063086942571,3521.741425341214,9.135692795900013
536.4378709775441,0.024252698359657085,-0.000581795163345616,-0.03148439020087148,0.029192448668365394,-0.06017966027790836,-2.785715203056806e-05,-0.001824803832626748,-0.0018363077352024078,1678.1540963472512,-95.5222689380814,3521.8295571086887,9.17237050960401
536.4380010629346,0.024182530581232604,-0.0005813367403499809,-0.03148700808406897,0.029129514905894854,-0.060238624925685734,-2.999903482726349e-05,-0.0018378473278875872,-0.001817387373667966,1696.0029354323647,-96.59498996099215,3521.917841571308,9.207948403537616
536.4385782854122,0.024114535566252104,-0.0005815292369409812,-0.031489655020093966,0.02906619464393481,-0.06029693679277369,-3.076137572028977e-05,-0.001849189356316938,-0.0017979869979128922,1713.8517206551487,-97.6687935794455,3522.006231889945,9.24198380155557
536.4395820464671,0.02404867771445071,-0.000582369687323531,-0.03149230725320827,0.02900254197521142,-0.0603545917818174,-3.005634683359448e-05,-0.0018589074052320818,-0.0017785239830335148,1731.700466694021,-98.74367931812534,3522.0946828453693,9.274066914158443
536.4409877983893,0.02398492348334804,-0.0005838459184717684,-0.031494895139985324,0.028938610979879972,-0.06041159349980938,-2.9934376643196596e-05,-0.001867090976732294,-0.001759462379364535,1749.549187715844,-99.81964665945357,3522.1831507906127,9.303814870252758
536.4427659663398,0.023923237705859822,-0.0005859303966388234,-0.031497483170635505,0.028874451700668418,-0.06046796500934039,-2.9249416267789685e-05,-0.0018738338024500783,-0.0017411236187104074,1767.397897129386,-100.89669490191665,3522.271593653443,9.330882878351675
536.444883419037,0.0238635838442827,-0.0005885879313789898,-0.031500084202875506,0.028810110183285748,-0.06052373673911162,-2.7757477749835964e-05,-0.0018792235916577822,-0.0017237940947121486,1785.2466070138719,-101.97482319694505,3522.3599708293764,9.354978751700525
536.4473034830587,0.023805924001716376,-0.0005917757481226867,-0.03150265780729989,0.02874562848726516,-0.06057894636897899,-2.6156893673521874e-05,-0.0018833419767593155,-0.0017077263453398426,1803.0953281153447,-103.05403054953435,3522.4482431808333,9.375862986757623
536.4499861472548,0.023750219043580892,-0.0005954439189846191,-0.03150512857097466,0.02868104483009959,-0.060633638783248824,-2.581698995811715e-05,-0.00188626441400143,-0.0016931339705644518,1820.9440698322408,-104.13431582268902,3522.536373025411,9.393348674277537
536.4528903996952,0.023696430762555145,-0.0005995393739712393,-0.03150759923033423,0.028616396232044518,-0.0606878664723395,-2.5343878693872144e-05,-0.0018880651823012054,-0.0016801321900480524,1838.7928402791663,-105.21567780119251,3522.624324018052,9.407293029013568
536.4559720964328,0.023644520953861894,-0.0006040007584087737,-0.03151004560766901,0.028551717589887383,-0.060741688186183,-2.481776694634115e-05,-0.0018888237603928088,-0.0016688278855002147,1856.6416466572623,-106.29811515163743,3522.7120612807616,9.417591152458545
536.4591866660891,0.02359445101533811,-0.0006087662234071766,-0.03151241981797669,0.028487041155532564,-0.06079516339641427,-2.4792314682583274e-05,-0.0018886105675177316,-0.0016592976843865241,1874.4904946038967,-107.38162644838492,3522.7995512058287,9.424189838993684
536.4624899810403,0.023546182236467768,-0.0006137755119001697,-0.031514717907474565,0.028422396867019653,-0.06084835164251392,-2.5360034405458488e-05,-0.0018874849402039852,-0.001651569689994252,1892.339388073197,-108.46621018873066,3522.8867614010896,9.427089087715268
536.465838357418,0.02349967579838187,-0.0006189699586452403,-0.03151697985359956,0.02835781234852343,-0.06090131253180825,-2.6152291153627584e-05,-0.001885495132266102,-0.001645623481432354,1910.1883293360497,-109.55186479290482,3522.9736606899305,9.426342102434642
536.4691885555837,0.023454892774122674,-0.0006242924910368326,-0.03151928952796877,0.028293312910752516,-0.06095410573791889,-2.6339536598279705e-05,-0.00188267831592168,-0.0016413901212257184,1928.0373189801635,-110.63858860408112,3523.060219111258,9.422055288367511
536.4724996888923,0.02341179555038806,-0.0006296901052327574,-0.031521596346252276,0.028228923690466375,-0.0610067848113468,-2.5976346710950097e-05,-0.0018790694361691064,-0.0016387977862236075,1945.8863563482328,-111.72637993403866,3523.1464078221506,9.414368821087903
536.4757312112109,0.023370347455617523,-0.0006351078865279549,-0.031523851205482595,0.028164669184922216,-0.06105940529691292,-2.575323198181039e-05,-0.001874707830867619,-0.0016377762324962062,1963.7354398242805,-112.8152370585747,3523.2321992237817,9.403452746633326
536.4788438803209,0.023330511734520373,-0.0006404925392562203,-0.03152612885680871,0.028100571910927286,-0.06111202395640429,-2.555328292409281e-05,-0.0018696244979748429,-0.0016382157020721109,1981.58456641806,-113.90515821672959,3523.317566865315,9.389517899402371
536.4818024074765,0.02329225261196802,-0.0006457976036154681,-0.031528464642750526,0.02803665404137025,-0.06116469043376555,-2.5274698261564677e-05,-0.0018638439049563835,-0.0016399933402424121,1999.4337319361948,-114.99614165297443,3523.4024852864636,9.372803165422392
536.4845754574045,0.023255535292993977,-0.0006509834556677314,-0.03153085449719888,0.02797293740522121,-0.061217447255098964,-2.483078492852844e-05,-0.0018573839887858264,-0.0016429731955606925,2017.2829309821793,-116.08818561721107,3523.4869300174923,9.353575482349507
536.487135648305,0.02322032596279385,-0.0006560173073391619,-0.031533254945415534,0.027909443487531705,-0.06127032982866443,-2.4149958069821643e-05,-0.0018502561559447378,-0.0016470062198430289,2035.1321569563786,-117.18128836477203,3523.570877579215,9.3321298394686
536.4894595518505,0.02318659178672535,-0.0006608732064200305,-0.031535583104033156,0.027846193429434705,-0.06132336644487946,-2.3175741040816954e-05,-0.0018424652824226635,-0.0016519302681679909,2052.981402056029,-118.27544815642065,3523.6543054829954,9.308789277693318
536.4915279490583,0.02315430085093956,-0.0006655286036039534,-0.031537848696910974,0.027783208610127213,-0.061376582054918534,-2.457030771680379e-05,-0.0018340193273346528,-0.0016577011877766913,2070.830658186867,-119.37066337935264,3523.737192187335,9.283874385699514
536.4933234903932,0.023123421919341015,-0.0006699598981694637,-0.03154014121967335,0.027720509844950673,-0.06143000536863502,-2.7861325861359614e-05,-0.0018249316097131139,-0.0016641688104024421,2088.6799168186863,-120.46693238767395,3523.819517242169,9.2577145720909
536.4948320466635,0.023093924478330585,-0.0006741490939657254,-0.031542450969448785,0.027658117206536943,-0.061483659783188135,-2.933830863592854e-05,-0.001815209442045246,-0.0016710441806533276,2106.529168431486,-121.56425346974541,3523.9012611790586,9.23066249611594
536.4960443268583,0.023065778772794206,-0.0006780838145954351,-0.03154476240697725,0.027596050921256245,-0.061537561956421065,-2.7245734535494658e-05,-0.001804860344871742,-0.0016781198874229444,2124.378403419453,-122.66262503353205,3523.9824053704483,9.203060040916169
536.4969558784646,0.023038955806101317,-0.000681757302788614,-0.031547054197304185,0.027534331369475966,-0.061591721807318436,-2.178443507945876e-05,-0.0017938920495832102,-0.0016852701256692706,2142.227612091271,-123.76204560665657,3524.062932029635,9.175238302417199
536.4975670874678,0.023013427340104867,-0.0006851684204026082,-0.0315492992097805,0.02747297908556067,-0.06164614251600629,-1.511159481163828e-05,-0.0017823124984201763,-0.0016924506964146656,2160.0767846701233,-124.86251383639932,3524.1428242107677,9.147517589328723
536.4978831783511,0.022989165895141297,-0.0006883216484220884,-0.031551464518062594,0.027412014757872097,-0.06170082052375208,-1.1340751300267389e-05,-0.0017701298444730814,-0.0016996990067458704,2177.92591129369,-125.96402848969825,3524.2220658088486,9.120207423144512
536.4979141459503,0.022966144732369385,-0.0006912268835628096,-0.03155351845784317,0.02735145919931732,-0.061755745978746515,-1.6227016651915336e-05,-0.001757352549906726,-0.001707123912973829,2195.7749820252225,-127.0665884486749,3524.3006415615428,9.093606371244048
536.4976704851498,0.0229443368348617,-0.0006938881068226951,-0.03155571548411806,0.02729133164670584,-0.061810925189212856,-2.1522824842592715e-05,-0.001743995505482843,-0.0017143870062927247,2213.6239875468514,-128.17019246509992,3524.3785371572753,9.06799153456019
536.4971652893324,0.022923715541936365,-0.0006963129081847917,-0.031558040404588615,0.027231650966448733,-0.06186635440988847,-2.43937202345808e-05,-0.0017300766087060945,-0.0017213046617924094,2231.4729189823192,-129.27483940205525,3524.4557391257836,9.043618184593791
536.4964158075669,0.022904254626947243,-0.000698514455233974,-0.031560380281694736,0.02717243600252252,-0.06192202026012297,-2.7322427593972207e-05,-0.0017156141386104266,-0.0017278822624025873,2249.321767879265,-130.38052830371004,3524.532234748045,9.02071602596686
536.4954419225899,0.022885927844420943,-0.0007005062836818707,-0.031562760000489444,0.027113704844963293,-0.06197791228779895,-2.9201709944526636e-05,-0.0017006289185573515,-0.0017340345274133291,2267.170526481722,-131.48725828254905,3524.608012092965,8.999484677658794
536.4942658966875,0.022868708991933773,-0.0007023031240553333,-0.031565220531122436,0.02705547489781977,-0.06203401908396843,-2.8345548831363427e-05,-0.0016851443244757633,-0.001739670461605224,2285.0191877324746,-132.59502854073332,3524.683060013547,8.980094240641838
536.4929118500289,0.022852572029428538,-0.0007039222122784622,-0.03156765263114075,0.02699776298563944,-0.062090322344163604,-2.7682141292538017e-05,-0.0016691860458116958,-0.0017448457294097898,2302.8677452187994,-133.70383841342743,3524.7573681417616,8.962688381471137
536.4914055037721,0.022837490762040023,-0.0007053803238264105,-0.0315700917084872,0.02694058495716902,-0.06214680743531209,-2.700049282251431e-05,-0.0016527818712053892,-0.0017495398731200802,2320.7161933388793,-134.81368730974518,3524.83092686238,8.9473797551478
536.4897734657209,0.022823438815617585,-0.0007066943510372396,-0.0315725357336091,0.02688395565168215,-0.06220345869592047,-2.636963181649697e-05,-0.0016359617902870183,-0.001753746039760611,2338.564527442528,-135.92457472979078,3524.9037272881105,8.934247340702768
536.4880430836737,0.022810389619489654,-0.0007078812040871207,-0.03157494672652379,0.026827888868276927,-0.06226025951155974,-2.625055645978322e-05,-0.001618757882579023,-0.0017574747339620261,2356.4127438413825,-137.03650026610163,3524.9757612548474,8.923336504912257
536.4862418190397,0.022798316360561555,-0.0007089570103816626,-0.03157734952283215,0.026772397219345753,-0.06231719499155083,-2.6556046737248696e-05,-0.0016012034474289668,-0.001760733962778313,2374.26083975073,-138.1494636019574,3525.0470213035414,8.914662591609828
536.4843982281818,0.022787192270236206,-0.000709938494591331,-0.031579759122078846,0.026717492493636436,-0.06237424945803601,-2.6843114453901848e-05,-0.0015833336308531695,-0.001763526412317481,2392.1088130918024,-139.26346449710925,3525.1175007060465,8.90821471138033
536.4825400010776,0.02277699033959664,-0.0007108413862910262,-0.0315821762113852,0.02666318521547796,-0.06243140773658835,-2.6906324673452324e-05,-0.0015651842220144898,-0.0017658658285935917,2409.956662727839,-140.37850279060802,3525.1871933849866,8.903953396252636
536.4806936141549,0.022767683263672102,-0.0007116800786655567,-0.03158459902395186,0.026609484557489984,-0.06248865568124303,-2.6762130714035305e-05,-0.0015467913997849886,-0.0017677775765395985,2427.804388500092,-141.494578401892,3525.2560939010514,8.901810370153342
536.4788843302908,0.022759243441438044,-0.000712467628509639,-0.03158702333905881,0.026556398340582814,-0.06254598017449739,-2.6648874148211488e-05,-0.0015281917327459305,-0.0017692986400073456,2445.6519912278313,-142.61169133078684,3525.324197452995,8.901688548906781
536.4771361259029,0.022751642986830217,-0.0007132157227003322,-0.031589445528663204,0.02650393303251177,-0.062603369251126,-2.6933692915572828e-05,-0.001509422069137261,-0.0017704745683116646,2463.499472692023,-143.72984165509746,3525.391499873588,8.903462772771087
536.4754707018849,0.02274485408448346,-0.0007139346571715078,-0.031591905273541304,0.02645209389037233,-0.06266081354581013,-2.6531199395502497e-05,-0.0014905175811796598,-0.001771306030847116,2481.346835202471,-144.8490294824563,3525.457997563627,8.906996644867178
536.4739097403931,0.022738848985934975,-0.0007146351460340421,-0.03159437433459811,0.02640088530504919,-0.06271830144591868,-2.5923553537265702e-05,-0.001471514511544958,-0.0017718440552551965,2499.1940817676464,-145.96925500609035,3525.5236875822384,8.912130791475132
536.4724728454269,0.022733599933216667,-0.0007153266379691024,-0.03159681601658265,0.02635031049944692,-0.0627758222301385,-2.595259535525217e-05,-0.001452448054260829,-0.0017721518162466734,2517.041216043929,-147.09051847403435,3525.5885675319605,8.918690165145502
536.4711767034106,0.022729079217187784,-0.000716016793068243,-0.03159921769321894,0.026300371461840794,-0.06283336750173361,-2.6925525150744807e-05,-0.0014333512517490828,-0.0017722756894581718,2534.8882422190627,-148.2128201672544,3525.652635513928,8.926490150975546
536.4700350831934,0.02272525917753492,-0.0007167114828334054,-0.03160159080720592,0.026251068945876803,-0.06289093118854515,-2.8614903511919707e-05,-0.0014142549948256667,-0.0017722452514521742,2552.7351650121527,-149.33616039964787,3525.7158901278713,8.935336566609225
536.4690588360497,0.02272211220277201,-0.0007174147901769185,-0.03160397087021751,0.026202402470571633,-0.06294850954299144,-3.025865131384615e-05,-0.0013951880227006655,-0.001772073279717022,2570.581989673666,-150.46053951804356,3525.778330472116,8.94502566223721
536.4682558956791,0.022719610730240352,-0.0007181290094214983,-0.0316064174629026,0.026154370320312696,-0.06300610114206792,-3.056004971848658e-05,-0.0013761769229783008,-0.001771755752666914,2588.4287219854336,-151.58595790220159,3525.8399561435826,8.955344120596873
536.4676320660519,0.02271772778477877,-0.0007188567393303416,-0.03160888118944056,0.026106970198551554,-0.06306370184165982,-3.0176467928272214e-05,-0.0013572462593206445,-0.0017713384680146927,2606.275367817413,-152.71241595804142,3525.9007671887125,8.966081347047645
536.4671918146663,0.022716437126349853,-0.0007196009687325871,-0.0316112910684771,0.02606019946998006,-0.06312130643008786,-3.058377874057343e-05,-0.0013384188210461673,-0.001770892455490454,2624.1219329238616,-153.8399141130517,3525.9607640882914,8.977033965314968
536.4669365645655,0.02271571254584717,-0.0007203617429466874,-0.03161374020688774,0.026014054248192867,-0.06317891623591271,-3.0336667342596804e-05,-0.0013197147186936376,-0.001770409626919902,2641.968423462849,-154.96845280674737,3526.0199477598694,8.98799357976391
536.4668651091915,0.022715528548109928,-0.000721138812994953,-0.03161625873233549,0.025968530167698362,-0.06323653160732469,-2.894725459128792e-05,-0.0013011511220552229,-0.0017699018188071843,2659.8148454508837,-156.09803247564992,3526.0783194701203,8.998763412075256
536.4669736189904,0.02271586035792688,-0.0007219316593766707,-0.03161881203083932,0.025923622390986376,-0.0632941518499149,-2.6916564274222974e-05,-0.00128274226021199,-0.0017694016158230608,2677.661204758096,-157.22865355319632,3526.1358808342297,9.009158440117057
536.467255641412,0.022716683920036305,-0.0007227394920681036,-0.031621300746774154,0.025879325608528164,-0.06335177522667518,-2.5734523109608816e-05,-0.0012644994215339066,-0.001768962350804903,2695.507507108239,-158.36031646973908,3526.1926338158914,9.019005397944616
536.4677026230935,0.02271797587696245,-0.0007235605820027659,-0.031623697440486286,0.025835634093217947,-0.06340940236144017,-2.606769304884309e-05,-0.0012464310858025579,-0.001768617006560143,2713.3537579872186,-159.4930216496064,3526.248580707441,9.02814434845268
536.4683048544223,0.02271971350851537,-0.000724391795982323,-0.03162614508409861,0.0257925417747757,-0.06346703887453263,-2.5934351393011808e-05,-0.0012285437408205177,-0.0017683319168418695,2731.19996262765,-160.62676950617654,3526.3037241285283,9.036426653480984
536.4690504479788,0.022721874962449835,-0.0007252308448820664,-0.03162855974491652,0.025750042363420038,-0.06352468514648806,-2.6098102375849233e-05,-0.0012108416283610748,-0.0017681305519333965,2749.046126059553,-161.76156043893093,3526.3580670185434,9.043716089920501
536.4699261976378,0.022724439338414584,-0.000726075097138229,-0.03163090482175864,0.025708129586592725,-0.06358234280981204,-2.6923672041409314e-05,-0.0011933264924124125,-0.0017680270414057364,2766.892252766353,-162.89739482347926,3526.411612549927,9.049897739223015
536.4709176161422,0.02272738668793347,-0.0007269215252805482,-0.031633202338442835,0.025666797194796913,-0.06364001502509216,-2.8236110947416377e-05,-0.001175997579656749,-0.0017680230680616903,2784.7383466750875,-164.03427301128355,3526.4643641258926,9.05487820511184
536.4720089351028,0.02273069801440545,-0.0007277667059322657,-0.03163553294378615,0.02562603896159714,-0.06369770648099796,-2.932079416526511e-05,-0.001158851639470339,-0.0017681078679358463,2802.5844111564043,-165.17219532965814,3526.51632538042,9.058585613581831
536.4731834848783,0.02273435531861782,-0.0007286073061489529,-0.031637958457873,0.025585848800207398,-0.0637554215968821,-2.9373129415878524e-05,-0.0011418834855605761,-0.0017682624450330226,2820.4304490234035,-166.31116207198593,3526.5675001685568,9.060968649753729
536.4744245548844,0.02273834156806229,-0.0007294411389384621,-0.03164034625128175,0.025546220903568048,-0.06381316017829793,-2.9205602965553876e-05,-0.00112508751149495,-0.001768493443306483,2838.2764626731923,-167.45117349700539,3526.6178925745057,9.061989648778669
536.4757142757052,0.022742640460744503,-0.0007302649552515931,-0.031642745151864174,0.025507149325329888,-0.06387092596625486,-2.9098466588889983e-05,-0.0011084556497554016,-0.0017688145580638135,2856.1224540605776,-168.59222987520957,3526.6675069204016,9.061628363609952
536.4770350791796,0.022747236694707313,-0.0007310758293729423,-0.03164519101737748,0.025468628528742338,-0.06392872233753967,-2.909988666727047e-05,-0.001091978958312399,-0.001769228280522257,2873.968424494224,-169.73433143692088,3526.7163476779997,9.059884772305658
536.4783698166932,0.022752115986963778,-0.0007318712987180718,-0.03164768527644032,0.025430653427707204,-0.06398655181687518,-2.9117263435860927e-05,-0.0010756477765624774,-0.001769725900783669,2891.8143746286532,-170.87747836850292,3526.764419463819,9.05677902779275
536.4797017591787,0.022757265073497148,-0.000732649363833509,-0.0316501949285328,0.025393219386778677,-0.06404441607692042,-2.8917230983608913e-05,-0.001059451725328237,-0.0017702875078345187,2909.660304464244,-172.02167081236047,3526.8117270391444,9.052351457867063
536.4810145989464,0.022762671708566266,-0.000733408488732313,-0.031652652671126776,0.025356322221078795,-0.06410231593663746,-2.8132626405941116e-05,-0.0010433797089247586,-0.0017708822544224452,2927.5062133476827,-173.16690886712058,3526.858275309992,9.046662545331252
536.48229310603,0.02276832429479625,-0.0007341474196076705,-0.03165504207942595,0.02531995805449194,-0.06416025171271424,-2.858539265945025e-05,-0.0010274207277734622,-0.0017715634537421399,2945.3521002242514,-174.31319266431228,3526.904069328603,9.039782813032778
536.4835223821647,0.022774211890794347,-0.0007348642423260229,-0.03165742416560826,0.025284123085014938,-0.06421822649050116,-2.9857209494751844e-05,-0.001011563276402066,-0.0017723176459891786,2963.197963672799,-175.46052229805431,3526.9491143295536,9.031793842748566
536.4846883830116,0.02278032441862486,-0.0007355572946651303,-0.031659821380159714,0.025248813909815503,-0.06427624328964919,-2.9914092294501426e-05,-0.0009957958164925093,-0.001773068616189103,2981.04380174211,-176.60889779865045,3526.9934156704057,9.022792243293106
536.4857787278613,0.022786652463910418,-0.0007362255567441795,-0.03166223616125206,0.02521402758351794,-0.06433430361200804,-2.8088866734989457e-05,-0.0009801076432058664,-0.001773785115868772,2998.8896120701106,-177.75831919713187,3527.0369788057887,9.01288347018464
536.4867826996334,0.022793187275831964,-0.0007368686510237839,-0.03166465093474277,0.025179761618203143,-0.06439240744162611,-2.5081168786141323e-05,-0.0009644888851823473,-0.0017744808630563607,3016.7353918838626,-178.90878652525706,3527.079809287399,9.002181825645167
536.4876912448769,0.022799920767128785,-0.0007374868423059831,-0.03166702811417508,0.0251460139834086,-0.06445055324475057,-2.2957444711517378e-05,-0.0009489305045412968,-0.0017752145422813624,3034.581137999566,-180.060299815512,3527.1219127639993,8.990810458600441
536.4884969509452,0.022806845484776985,-0.0007380808699414615,-0.03166932550387478,0.025112783068323225,-0.06450873858915011,-2.4622118573687624e-05,-0.000933424287462554,-0.001776073759638513,3052.42684684195,-181.2128590965882,3527.163294983145,8.97890080647852
536.4891934786057,0.022813954113459076,-0.0007386494091674007,-0.031671698865006113,0.02508006701640413,-0.06456696920030919,-2.5527139582708362e-05,-0.0009179626964513545,-0.0017769173258169093,3070.272514825176,-182.36646431752598,3527.2039618298086,8.966581921176536
536.4897759218367,0.02282123997702482,-0.0007391930534669441,-0.03167409589123071,0.025047864439109,-0.06462524376524019,-2.600873689031045e-05,-0.0009025393508782528,-0.001777742302723239,3088.118138113167,-183.52111545428468,3527.2439192920456,8.953987056161187
536.4902411952565,0.02282869675213164,-0.0007397129239454096,-0.03167644449772844,0.02501617421713229,-0.06468355959355344,-2.7683010825407488e-05,-0.0008871492750171768,-0.0017785880797376362,3105.9637127307956,-184.67681249799477,3527.283173438193,8.941249044172592
536.4905879665148,0.022836318284517054,-0.0007402095946535627,-0.031678760760035354,0.024984995280949374,-0.06474191667193402,-3.0163466552021174e-05,-0.0008717888649085994,-0.0017794387582463448,3123.8092346714957,-185.83355542914973,3527.321730423101,8.928497041896573
536.4908166562918,0.02284409858899866,-0.000740683092587618,-0.03168114891404363,0.024954326610816535,-0.06480031766414171,-3.1061014069281337e-05,-0.0008564558883595387,-0.001780223151641717,3141.654699897263,-186.99134421760616,3527.359596488131,8.915856529964673
536.4909291513429,0.022852031938115754,-0.0007411344467756687,-0.031683591819875005,0.02492416734272395,-0.06485876147157514,-3.0275159948392924e-05,-0.0008411496353297133,-0.0017809316425714155,3159.50010440866,-188.1501788522651,3527.396777964388,8.903447752213435
536.4909285579655,0.022860112848574737,-0.0007415654704755788,-0.031685996782132464,0.02489451671571625,-0.06491724413124954,-2.996048408107654e-05,-0.0008258705543336639,-0.001781621874805157,3177.3454442347966,-189.31005935041344,3527.4332812771927,8.891386685182415
536.4908194212803,0.02286833580852889,-0.0007419769040007451,-0.03168842666002845,0.02486537381462912,-0.0649757662879908,-2.926435123945985e-05,-0.0008106202525444301,-0.0017822715507147045,3195.1907155168587,-190.4709857252516,3527.4691129326984,8.879781808462322
536.4906075237499,0.0228766952998784,-0.0007423698717713915,-0.031690888821710825,0.024836737636701564,-0.06503432704891525,-2.8092192741882125e-05,-0.0007954018406247116,-0.0017828768888431422,3213.0359146359115,-191.63295800956647,3527.5042795154486,8.86873045225651
536.490299884811,0.02288518579837657,-0.0007427458846988588,-0.03169333481251908,0.024808607091727816,-0.06509292397347514,-2.7113896683183464e-05,-0.000780219933107467,-0.0017834527949692701,3230.8810382130364,-192.79597625577298,3527.538787688377,8.858318793787184
536.48990460755,0.02289380171337283,-0.0007431064932248935,-0.03169571358416443,0.024780980923144822,-0.06515155445982651,-2.71436773636026e-05,-0.0007650804267431815,-0.0017840193999910925,3248.7260831318363,-193.9600405388732,3527.5726441923034,8.848621534469313
536.4894304463406,0.022902537322177976,-0.0007434523381138275,-0.03169811412165111,0.024753857555676755,-0.06521021963270955,-2.7133739694597595e-05,-0.0007499897906824049,-0.0017845539333556678,3266.571046517109,-195.12515095329778,3527.6058558479253,8.839703764388524
536.4888871668157,0.022911387012967105,-0.0007437848101218658,-0.03170050449164035,0.02472723539685065,-0.0652689176036909,-2.7178336397584067e-05,-0.0007349558625034261,-0.0017850553203784564,3284.4159256824187,-196.29130760089527,3527.6384295521584,8.831621718736406
536.4882849178789,0.02292034497525539,-0.0007441051933104615,-0.03170286263802565,0.02470111250578004,-0.06532764669411922,-2.7410498990420205e-05,-0.0007199872465232613,-0.0017855257114161695,3302.2607183323325,-197.45851061433382,3527.670372268187,8.824417862364303
536.4876341785163,0.02292940517526664,-0.0007444145595977126,-0.03170519259973208,0.024675486564219168,-0.06538640584915247,-2.7831266033674065e-05,-0.000705093246933111,-0.0017859670129571597,3320.1054225748794,-198.62676015865844,3527.7016910250036,8.818120625833952
536.4869457577967,0.02293856135593331,-0.0007447137687583609,-0.03170752451071618,0.024650354876562967,-0.06544519463775778,-2.830968313062358e-05,-0.0006902838677983604,-0.0017863808876214225,3337.9500369215475,-199.7960564312912,3527.732392917412,8.81274440541747
536.4862306908456,0.022947807046415025,-0.0007450035047357152,-0.03170990292511257,0.02462571436304851,-0.06550401308166107,-2.8505818487828114e-05,-0.000675569739293512,-0.0017867642384295887,3355.794560289237,-200.96639965791246,3527.7624851047335,8.808289789485677
536.4854994085866,0.02295713576227446,-0.0007452848115642873,-0.03171226552634305,0.024601561611415735,-0.06556285940676239,-2.7794276350340613e-05,-0.0006609614809505503,-0.0017870875272179198,3373.6389919260864,-202.13779005691683,3527.79197480087,8.80474828179997
536.4847631708365,0.022966540986410613,-0.0007455586956933111,-0.031714615974642146,0.024577893080366408,-0.06562173215440403,-2.7060957045311316e-05,-0.0006464705616079137,-0.001787384429575454,3391.483331272367,-203.31022790498668,3527.820869286246,8.802102806560363
536.4840328459262,0.022976016046924397,-0.0007458259608426042,-0.03171697985727932,0.024554704835655878,-0.0656806304281602,-2.705576091237109e-05,-0.0006321084035414974,-0.0017876873350394533,3409.327578118731,-204.48371350584776,3527.849175885332,8.800325936719474
536.4833185452359,0.022985554123098894,-0.000746087272619613,-0.031719372559553136,0.02453199250380792,-0.06573955352766442,-2.802112746177278e-05,-0.0006178861258515622,-0.0017880093436007283,3427.1717326306543,-205.65824717719553,3527.8769019615775,8.799380115514023
536.482629623194,0.02299514824539936,-0.0007463431585194118,-0.031721799264791226,0.024509751272114737,-0.06579850094860952,-2.9692035374391184e-05,-0.0006038145444627359,-0.0017883442657036365,3445.015795348442,-206.83382925069515,3527.9040549174115,8.79921765646483
536.4819746772781,0.023004791295473236,-0.0007465940079247045,-0.03172425495435029,0.02448797588863696,-0.06585747238274764,-3.12960025017231e-05,-0.0005899041721240119,-0.0017886666222460819,3462.859767187225,-208.0104600719814,3527.9306421942447,8.79978074337682
536.4813615480143,0.023014476006150128,-0.0007468400721058229,-0.031726724407616126,0.02446666066220365,-0.06591646771789024,-3.15530858658872e-05,-0.0005761652184087505,-0.0017889316445795168,3480.7036494369586,-209.1881400006589,3527.9566712724654,8.801001430339022
536.4807973261984,0.023024195019514974,-0.000747081634154638,-0.031729173881802165,0.024445799528078287,-0.0659754864123758,-2.944345717331599e-05,-0.0005626075340119967,-0.001789100700558837,3498.5474437110083,-210.36686941855916,3527.9821496676313,8.802803273034371
536.4802884424988,0.023033941364821432,-0.000747319859649292,-0.03173154899589734,0.024425386564547007,-0.06603452465817254,-2.8709111016819953e-05,-0.0005492400595634003,-0.0017892976009619749,3516.3911514791425,-211.54664877875084,3528.0070848957635,8.805116136397086
536.4798404285056,0.023043707893296315,-0.0007475545850403754,-0.03173390810251841,0.02440541530865952,-0.0660935837387099,-2.822203601078143e-05,-0.0005360711007116411,-0.0017894939424642244,3534.234774528028,-212.72747849653163,3528.0314844977042,8.807862132007013
536.4794577042032,0.023053487487733056,-0.0007477857004903172,-0.03173628412934935,0.02438587900608569,-0.06615266444338608,-2.6995752653751022e-05,-0.000523108087616251,-0.0017896621488110419,3552.0783148418905,-213.90935899663543,3528.0553560208,8.810959962954207
536.4791435740325,0.02306327315722113,-0.0007480135091398255,-0.03173866021498604,0.024366770720622766,-0.06621176569632971,-2.569170897358345e-05,-0.0005103574882950006,-0.0017898241298813457,3569.9217745254755,-215.0922907290143,3528.078707012652,8.814327400496438
536.4789002399807,0.023073058031844725,-0.0007482385897926086,-0.031740986323202894,0.024348083324875414,-0.06627088513209617,-2.6172797838640328e-05,-0.0004978247902996341,-0.0017900383029464024,3587.7651557969543,-216.27627416444153,3528.101545020301,8.817881488439642
536.478729019124,0.02308283531644988,-0.0007484603985798309,-0.03174333749816346,0.02432980941617422,-0.06633002493182731,-2.6648754965403954e-05,-0.00048551446817976567,-0.0017902550754556408,3605.6084609203167,-217.46130974217036,3528.1238775838933,8.821540263807757
536.478630287124,0.02309259842273393,-0.0007486790174284913,-0.03174569427207155,0.024311941510611734,-0.0663891845099837,-2.7056946801371848e-05,-0.000473430293748922,-0.0017904703186489115,3623.451692232009,-218.64739791433115,3528.1457122373918,8.825221948552949
536.4786034150901,0.02310234099429465,-0.0007488945941302796,-0.03174803214053957,0.02429447205457228,-0.0664483629528775,-2.7771302854115195e-05,-0.00046157491692711054,-0.001790694128381152,3641.2948520321784,-219.83453913667364,3528.167056489578,8.828848670216024
536.4786467870607,0.023112056895743804,-0.0007491069999075337,-0.03175036539219943,0.024277393403733274,-0.06650756046262438,-2.855104492404467e-05,-0.00044994978377730434,-0.0017909209810247125,3659.1379425613845,-221.02273385884652,3528.1879178208187,8.832347191732964
536.4787578179535,0.023121740226221106,-0.0007493158902502883,-0.031752737594006424,0.024260697840265126,-0.0665667781026169,-2.866520950148198e-05,-0.00043855515870016844,-0.001791132612495068,3676.980965992577,-222.21198252376658,3528.2083036817685,8.835649124713216
536.4789332239759,0.023131385460784457,-0.0007495215228950354,-0.03175509704024951,0.02424437777071352,-0.06662601436032721,-2.8712661614193348e-05,-0.00042739055433634976,-0.0017913423194460207,3694.823924370307,-223.40228556592334,3528.2282214836614,8.838692176528012
536.479168920941,0.023140987222883533,-0.0007497237899756566,-0.03175745312372597,0.02422842547583211,-0.06668526920814467,-2.8784291801326846e-05,-0.00041645461102254877,-0.0017915549317671436,3712.666819744352,-224.59364342562148,3528.2476786185507,8.8414160563941
536.4794602140288,0.023150540454021443,-0.0007499224706717252,-0.03175983176487381,0.024212833314187453,-0.06674454310691265,-2.8679956578059945e-05,-0.0004057450347315808,-0.0017917675700894647,3730.5096539941665,-225.78605652959564,3528.26668242879,8.843767703464104
536.4798018711261,0.02316004047812524,-0.0007501174625484564,-0.03176223846988152,0.024197593801111028,-0.06680383604423287,-2.834313758756844e-05,-0.00039525865496835505,-0.0017919791264355853,3748.3524287825207,-226.9795252865971,3528.285240199349,8.845702603464135
536.4801881228269,0.023169483001545928,-0.0007503087815567073,-0.031764658330688075,0.02418269960869924,-0.06686314753446541,-2.786094160102646e-05,-0.0003849914247698752,-0.0017921902642196827,3766.195145555498,-228.1740500873938,3528.3033591578164,8.847184788693795
536.4806126624314,0.02317886411305846,-0.0007504965620329767,-0.03176705602498293,0.024168143565813427,-0.0669224766187287,-2.7464100517606445e-05,-0.00037493842070523883,-0.0017924034182475086,3784.037805542496,-229.3696313047704,3528.3210464743947,8.848186838026178
536.4810689731021,0.023188180248225863,-0.0007506808328042649,-0.031769432484235895,0.024153918693128915,-0.06698182289201582,-2.759873058596514e-05,-0.0003650939787742132,-0.0017926339808822603,3801.880409723001,-230.56626930581908,3528.338309253042,8.848690045610542
536.4815505964717,0.023197428085329406,-0.0007508612409187818,-0.03177186013718812,0.024140018141055132,-0.06704118761414185,-2.8193150484327903e-05,-0.00035545218079537034,-0.001792890254174806,3819.7229589167373,-231.7639644537282,3528.355154542287,8.848680766278825
536.4820503343261,0.023206604662884198,-0.0007510378536405083,-0.03177428624159247,0.02412643513376834,-0.06710057006514329,-2.8536727286139772e-05,-0.00034600666666008856,-0.0017931391141324975,3837.565453875573,-232.96271706539773,3528.3715893552835,8.848149679271208
536.4825611863492,0.023215707363499632,-0.0007512107510869774,-0.031776671242624135,0.02411316316968571,-0.06715996957662725,-2.8237660785735893e-05,-0.00033675076759947495,-0.001793360519934943,3855.4078950878597,-234.16252744693392,3528.3876206270184,8.847095530539415
536.4830763921462,0.02322473391119784,-0.0007513800017545175,-0.0317789957763861,0.0241001960282025,-0.06721938564775186,-2.7249871716771422e-05,-0.00032767751678839063,-0.0017935495224478386,3873.250282771712,-235.3633958952979,3528.403255212765,8.845525233841231
536.4835894312436,0.023233682371413704,-0.0007515456625182513,-0.03178126066990918,0.024087527769692068,-0.06727881794522622,-2.5873001752221487e-05,-0.0003187796493454511,-0.0017937162642229713,3891.0926168750098,-236.56532269830547,3528.418499888085,8.843453870740513
536.4840940230881,0.02324255115099485,-0.0007517077786320967,-0.031783486941151975,0.024075152735505853,-0.06733826630331048,-2.4752413504381238e-05,-0.0003100496023330258,-0.0017938859794982154,3908.9348970753954,-237.76830813462723,3528.433361348825,8.840904690607182
536.4845841270483,0.02325133899820165,-0.0007518663837287667,-0.03178571579900091,0.024063065547973387,-0.06739773072381576,-2.4879190524865768e-05,-0.00030147951475723874,-0.0017940989941975353,3926.777122780276,-238.9723524737886,3528.44784621112,8.837909110617227
536.4850539633075,0.023260044985944122,-0.0007520214396840308,-0.03178800801651603,0.02405126109166003,-0.06745721160556059,-2.7182435420670695e-05,-0.0002930613111994302,-0.0017943964649178921,3944.6192931474416,-240.17745597024532,3528.4619610135705,8.834506003209547
536.4854983525591,0.023268668259194908,-0.0007521723721069009,-0.03179038342378332,0.024039734263119516,-0.06751671130682467,-2.797532654238775e-05,-0.000284788135475829,-0.0017946529394113435,3962.461407432811,-241.38361879247893,3528.475712252944,8.830729648875062
536.4859125060063,0.0232772082960689,-0.0007523196460184939,-0.031792780922645,0.024028480343573945,-0.06757622791393639,-2.822696321364619e-05,-0.00027665315917741964,-0.0017948924340200944,3980.303464678512,-242.59084115531053,3528.4891063450864,8.826620134327516
536.4862921973637,0.02328566481040584,-0.0007524636850544621,-0.03179516729781819,0.024017494876273658,-0.06763575981064755,-2.927956352608483e-05,-0.00026864961866947837,-0.0017951562141632954,3998.145463720059,-243.79912327061467,3528.5021496221048,8.822222764662529
536.4866338592485,0.023294037675021022,-0.0007526044845136135,-0.031797549385385065,0.024006773575578833,-0.067695307215138,-3.063500625734129e-05,-0.00026077114178579066,-0.001795427742055962,4015.9874032674775,-245.00846531674165,3528.5148483407997,8.817585237923769
536.4869345818798,0.023302326923974135,-0.0007527416638620979,-0.03179996812412743,0.023996312332113915,-0.06775487195553088,-3.0145681560011967e-05,-0.0002530117569061339,-0.0017956384024702574,4033.8292819070884,-246.21886744059165,3528.527208682741,8.812757586007448
536.487192028624,0.02331053280350384,-0.0007528758564672347,-0.03180235472702918,0.02398610734081013,-0.06781445156373635,-2.944671618555638e-05,-0.00024536605511396727,-0.0017958343434604383,4051.6710981498386,-247.43032982253573,3528.539236757053,8.807790689702545
536.4874044122605,0.023318655650070047,-0.0007530071844954078,-0.03180472380642268,0.023976154909904915,-0.0678740458415529,-2.8995649704742066e-05,-0.0002378288772128779,-0.0017960335044056982,4069.5128504181057,-248.64285263389212,3528.550938600931,8.802736864735923
536.4875706205347,0.02332669586733305,-0.000753135513903241,-0.03180711320241785,0.023966451467981837,-0.06793365567821766,-2.8145663351792166e-05,-0.00023039562423228182,-0.0017962190312870274,4087.354537100189,-249.8564360275779,3528.562320180449,8.797647775432937
536.4876902236748,0.023334653949599122,-0.0007532610292741937,-0.03180951335673877,0.023956993620349434,-0.06799328057730235,-2.7083383834022148e-05,-0.00022306239636707414,-0.0017963958618519695,4105.196156573905,-251.07108015710384,3528.573387391304,8.792573606448878
536.4877634729595,0.023342530478984474,-0.0007533842195419775,-0.0318118695826705,0.023947778146013333,-0.06805291871931685,-2.679555012841437e-05,-0.00021582598890797837,-0.001796589912209112,4123.037707207635,-252.28678517659927,3528.5841460588886,8.78756303252849
536.4877911771024,0.02335032597037965,-0.0007535049524562456,-0.03181422528986088,0.02393880181615615,-0.06811257101173815,-2.6793700796016594e-05,-0.000208683599039689,-0.0017967907758713703,4140.879187409292,-253.5035512381257,3528.5946019428284,8.782661968348364
536.487774658098,0.023358041050418433,-0.0007536232428501528,-0.0318165917257883,0.023930061554744465,-0.06817223769672719,-2.6683463009287057e-05,-0.00020163297414182047,-0.001796986465021234,4158.72059556209,-254.7213784838954,3528.604760734239,8.777915788860932
536.4877157565785,0.023365676371721104,-0.0007537394091561557,-0.031818932507455655,0.02392155438886372,-0.06823191767652256,-2.6820020504327444e-05,-0.00019467251199896588,-0.0017971838245177704,4176.5619301042225,-255.94026705968966,3528.6146280589583,8.773366699101494
536.4876167935168,0.023373232500818235,-0.0007538536152659547,-0.03182123862484006,0.023913277338236064,-0.06829161052612151,-2.7303023694510905e-05,-0.00018780114472196493,-0.0017973849997126872,4194.403189577974,-257.16021711837783,3528.6242094805475,8.769052235560036
536.4874805702271,0.023380709918150718,-0.0007539658705304939,-0.03182352844089283,0.023905227415220383,-0.06835131649327987,-2.7976589670482047e-05,-0.00018101833874790372,-0.0017975874364503334,4212.24437262972,-258.3812288199171,3528.633510500289,8.765005266181232
536.487310368364,0.023388109018069758,-0.0007540760297599611,-0.0318258476915395,0.02389740162481227,-0.06841103649851207,-2.842930220015694e-05,-0.00017432409484011483,-0.001797783881067699,4230.085478009925,-259.60330233135284,3528.642536557189,8.761253990364448
536.4871097486168,0.023395430148457828,-0.0007541841801020447,-0.03182818824485549,0.02388979697241079,-0.06847077036734651,-2.8378690170882476e-05,-0.00016771897237077135,-0.0017979634080810627,4247.9265046040055,-260.8264378164979,3528.651293032171,8.757821503075517
536.4868824252729,0.023402673687038817,-0.0007542907674002534,-0.031830481150379626,0.023882410517725383,-0.06853051632579045,-2.8306096134934394e-05,-0.00016120395135628843,-0.0017981323961860653,4265.767451378428,-262.050635441718,3528.659785246118,8.754727868120087
536.4866325545731,0.02340983990305936,-0.0007543956539186011,-0.031832788020634314,0.02387523929334506,-0.06859027527939167,-2.835479787313681e-05,-0.00015478024847837452,-0.0017983052902530582,4283.608317350999,-263.2758953998665,3528.6680184537177,8.751990251537146
536.486364333615,0.02341692895999317,-0.0007544987729078952,-0.03183514692716162,0.02386828025137117,-0.06865004775927853,-2.8549117480471644e-05,-0.00014844939532588538,-0.0017984888417484674,4301.449101709638,-264.50221788595843,3528.6759978548757,8.749620202744735
536.4860819912383,0.023423940916569613,-0.0007546001455863571,-0.03183756864048928,0.02386153026306997,-0.06870983384383977,-2.880625743002338e-05,-0.0001422132402275841,-0.0017986819494977353,4319.289803814458,-265.7296030966337,3528.683728594951,8.747623612666489
536.4857897880247,0.02343087572677376,-0.0007546998811396224,-0.031840036630130776,0.02385498611887264,-0.06876963315872449,-2.8936300572979096e-05,-0.00013607394825213996,-0.0017988756596853208,4337.1304231977665,-266.9580512301571,3528.69121576475,8.746000713731645
536.4854920162983,0.02343773323984634,-0.0007547981767207404,-0.031842507064585274,0.02384864452837527,-0.06882944487684212,-2.8642210138628444e-05,-0.00013003400120812906,-0.001799053165854699,4354.970959564071,-268.18756248641836,3528.6984644005297,8.744746079875034
536.4851929990826,0.023444513200407708,-0.0007548953180470187,-0.03184490906623265,0.023842502120523797,-0.06888926771663993,-2.7531063106221876e-05,-0.00012409619542992027,-0.0017991902374717087,4372.811412789753,-269.41813706716954,3528.7054794839787,8.74384863899769
536.4848967804069,0.02345121529155492,-0.0007549916425998831,-0.03184724228671095,0.023836555487766527,-0.06894910035954695,-2.756912447483079e-05,-0.000118262958905209,-0.001799355222478043,4390.651782813173,-270.64977523497856,3528.7122659356482,8.743295939924312
536.4846072693174,0.023457839133318,-0.000755086901143674,-0.0318495679360907,0.02383080111566152,-0.06900894401902363,-2.8387744974546205e-05,-0.00011253669922853976,-0.001799544728930375,4408.492069657908,-271.8824772299038,3528.718828617862,8.743073198019365
536.4843282522737,0.02346438426345237,-0.0007551808156871685,-0.031851898918109835,0.023825235381990537,-0.06906879987675388,-2.8105511404004908e-05,-0.00010692006913453161,-0.0017996955262935513,4426.332273517466,-273.1162432638028,3528.7251723399663,8.74316052585829
536.4840631614941,0.023470850160062548,-0.0007552733747614694,-0.03185423359449578,0.0238198546025768,-0.06912866797713817,-2.631936454492011e-05,-0.00010141551564681492,-0.0017997934945053415,4444.17239470287,-274.35107357754714,3528.7313018548725,8.743535128568809
536.4838150749555,0.023477236241602147,-0.0007553648334200051,-0.03185655578496547,0.02381465503128498,-0.06918854722729365,-2.410459916208146e-05,-9.602528007803123e-05,-0.0017998736239764367,4462.012433642659,-275.5869684410229,3528.7372218590576,8.744171303830926
536.4835867163939,0.023483541866873864,-0.0007554557132385295,-0.031858834767225314,0.023809632860021208,-0.06924843539705407,-2.401486400335505e-05,-9.07513980298334e-05,-0.0018000200155904502,4479.852390882884,-276.8239281531304,3528.742936992563,8.745040441876924
536.4833804591186,0.023489766289480817,-0.0007555455172591933,-0.03186115643063279,0.023804784087891172,-0.06930833470514874,-2.4776279892967718e-05,-8.559554029172835e-05,-0.0018002015214851584,4497.692267048809,-278.06195297665425,3528.748451838452,8.746112405103876
536.4831984225154,0.023495908811028195,-0.0007556337222222882,-0.03186355982339847,0.023800104700912064,-0.06936824733354582,-2.3654338743079713e-05,-8.055940975980397e-05,-0.0018003292062947446,4515.532062819854,-279.3010431394629,3528.753770920513,8.747356077290911
536.4830423599554,0.023501968825087857,-0.0007557214076047432,-0.0318659013481659,0.023795590831255306,-0.06942816843844422,-2.4013373762806223e-05,-7.564468752992829e-05,-0.001800498228849852,4533.371778958649,-280.5411989376601,3528.75889870284,8.748738489817777
536.4829135694514,0.023507945668895306,-0.0007558089335618852,-0.031868136377881835,0.02379123847791019,-0.06948809637146278,-2.6964493245801263e-05,-7.085249717435639e-05,-0.0018007404791558438,4551.211416261362,-281.7824206516567,3528.7638395897684,8.750226863639668
536.482812893353,0.023513838622452758,-0.0007558959237892755,-0.0318703211844946,0.023787043504748924,-0.06954803275464769,-3.129979773252233e-05,-6.618340168694143e-05,-0.0018010225863802835,4569.050975557291,-283.0247085454394,3528.7685979258717,8.751788624967036
536.4827407183471,0.02351964690852912,-0.0007559812655227107,-0.03187261293895405,0.023783001640526612,-0.06960798248047241,-3.349238001023045e-05,-6.163740348313462e-05,-0.0018012459188529355,4586.890457708869,-284.26806286657103,3528.7731779959595,8.753391405265596
536.4826970353164,0.023525369870876906,-0.000756064568022495,-0.031875055858575516,0.02377910870747479,-0.06966794718297634,-3.192386518924595e-05,-5.721433622726733e-05,-0.0018013610231528679,4604.729863591051,-285.5124838684975,3528.7775840228314,8.755003497446255
536.482681595841,0.02353100713985462,-0.000756147627612121,-0.03187739193601097,0.02377536086988878,-0.06972791876469041,-3.1819851235451316e-05,-5.291428644018313e-05,-0.0018015103413580816,4622.569194059935,-286.7579718504792,3528.7818201632504,8.756594360765598
536.4826937432058,0.023536558071813662,-0.0007562295427349374,-0.03187977299204213,0.023771753904267952,-0.06978790125092074,-3.097596916255466e-05,-4.873626523448996e-05,-0.0018016403104842008,4640.40844998361,-288.0045270771383,3528.785890513396,8.758134258716465
536.4827324763994,0.023542022181787706,-0.0007563099784662539,-0.031882256034974,0.023768283714699863,-0.06984789609028282,-2.851917787780029e-05,-4.467905016489753e-05,-0.0018017292573957486,4658.247632183266,-289.25214980888074,3528.7897991042264,8.759595926909794
536.4827964555151,0.023547399165774228,-0.0007563893436840363,-0.0318847766719873,0.023764946360531752,-0.06990790135957611,-2.540482841787657e-05,-4.074123205247378e-05,-0.0018018006363070306,4676.086741430591,-290.5008403041612,3528.7935499012187,8.760954638123783
536.4828840022217,0.0235526888996337,-0.0007564687824955673,-0.03188715058090542,0.02376173805524228,-0.0699679118029199,-2.439753597447604e-05,-3.692121265558969e-05,-0.0018019225870437349,4693.925778447701,-291.75059881949113,3528.797146804371,8.762188202912746
536.4829932242098,0.02355789115417972,-0.0007565479511971902,-0.03188944815985974,0.023758654870383863,-0.07002792895638535,-2.492309089381774e-05,-3.321664417525325e-05,-0.0018020858098587264,4711.764743899568,-293.00142560711845,3528.800593647447,8.763276884968716
536.4831220115863,0.023563005757966715,-0.0007566262103219682,-0.031891772922680216,0.02375569290077238,-0.07008795565158495,-2.526816202062265e-05,-2.9624895195905312e-05,-0.0018022464715483164,4729.603638407988,-294.2533209021794,3528.803894199474,8.764202986677002
536.4832680490554,0.02356803277390013,-0.0007567039066564533,-0.03189406092696731,0.023752848469963634,-0.07014799023062931,-2.596419931699361e-05,-2.614333572728194e-05,-0.001802413370562168,4747.442462518979,-295.5062849323572,3528.807052162872,8.764951851743717
536.4834288964496,0.023572972334189684,-0.000756781077737211,-0.03189630847843095,0.02375011796583999,-0.07020803247781164,-2.703993157726343e-05,-2.2768959555477823e-05,-0.001802586945060493,4765.281216685619,-296.76031792229,3528.8100711721036,8.765512194090283
536.483601988729,0.02357782464034935,-0.0007568574518508209,-0.031898572130890535,0.02374749784061036,-0.0702680836196077,-2.8021366427994895e-05,-1.9498384242946253e-05,-0.0018027592729140506,4783.1199012680545,-298.0154200935708,3528.8129547936755,8.765876097853425
536.4837846730916,0.023582590000944634,-0.000756932683567771,-0.031900918318214753,0.023744984650498176,-0.07032814521755115,-2.8187566663485324e-05,-1.6327997966335717e-05,-0.001802915353199123,4800.958516534606,-299.27159165735947,3528.8157065266137,8.766038897895356
536.4839742867564,0.0235872689412588,-0.0007570072127924518,-0.03190325751540624,0.023742575177940123,-0.07038821518022283,-2.8001959354109264e-05,-1.3254422175933244e-05,-0.001803057764924625,4818.797062682833,-300.5288328017117,3528.8183298047343,8.765998315905232
536.4841680584304,0.023591862002424403,-0.0007570810708749403,-0.03190560195414753,0.02374026623887881,-0.07044829338168476,-2.7883866400947416e-05,-1.027385189411455e-05,-0.0018032028950551882,4836.635539835159,-301.7871437308703,3528.820827994993,8.765754777373056
536.4843633083001,0.02359636983038978,-0.0007571542434982093,-0.031907965692273624,0.02373805478047303,-0.07050837989320045,-2.7980284801969673e-05,-7.3824418018134914e-06,-0.001803357958970437,4854.473948018678,-303.04652463598563,3528.8232043980584,8.76531159428968
536.4845574643575,0.023600793188556866,-0.000757226740261484,-0.03191034870790093,0.023735937894360803,-0.07056847465328826,-2.8212852401973855e-05,-4.576355800078963e-06,-0.001803520232332544,4872.3122871644855,-304.3069756921115,3528.825462248436,8.764674949538993
536.4847480624005,0.02360513295778118,-0.0007572985946802411,-0.031912736899427245,0.02373391281665936,-0.07062857746772139,-2.8277847892585692e-05,-1.8517670100749025e-06,-0.00180367705108623,4890.150557107681,-305.56849705820565,3528.827604714468,8.763853896897924
536.4849327535319,0.02360939013286937,-0.0007573698897797971,-0.031915101888546966,0.02373197692962689,-0.07068868790305617,-2.7822904760216717e-05,7.951358249848301e-07,-0.0018038119132152575,4907.988757589845,-306.83108888038254,3528.829634898528,8.762860252887261
536.4851093730189,0.023613565743731177,-0.0007574409098757474,-0.03191742890849439,0.02373012774397373,-0.07074880473439273,-2.830967163615907e-05,3.368116387628225e-06,-0.0018039733091874093,4925.826888304603,-308.0947513347265,3528.8315558405025,8.761706833312306
536.4852758053943,0.023617660872920745,-0.0007575114134507003,-0.03191975448581756,0.023728362814744504,-0.07080892905647637,-2.889482762534372e-05,5.871008925396537e-06,-0.0018041374832566185,4943.66494887502,-309.3594845618581,3528.833370517003,8.760408702551475
536.4854301554283,0.0236216766787829,-0.0007575811855951744,-0.03192210247246464,0.023726679826291713,-0.07086906182133107,-2.8572405700738517e-05,8.307486366493168e-06,-0.001804273127951197,4961.50293885939,-310.6252886900041,3528.835081843129,8.758982470087034
536.4855707979549,0.02362561438596516,-0.0007576502162031507,-0.03192447443190716,0.023725076611084996,-0.07092920307437853,-2.7173238529975755e-05,1.0681007818523859e-05,-0.0018043746133280221,4979.340857760933,-311.8921638510674,3528.836692673326,8.757445804172537
536.4856963778724,0.02362947528541772,-0.0007577186999720723,-0.03192684963914003,0.023723551149711145,-0.07098935195443816,-2.5364958475352183e-05,1.2994818568496678e-05,-0.0018044619869725337,4997.178705027794,-313.1601101806274,3528.8382058013863,8.75581743183281
536.4858058101428,0.023633260734393476,-0.0007577870364028446,-0.03192918508068157,0.023722101570874097,-0.07104950669372716,-2.4651997593828998e-05,1.5251950082822023e-05,-0.0018045809739987353,5015.016480053047,-314.42912781793945,3528.839623960449,8.754117138863961
536.4858982624341,0.02363697207522435,-0.00075785518553624,-0.03193150112679974,0.02372072604300615,-0.07110966752475836,-2.517916513264904e-05,1.7455325981955562e-05,-0.0018047396724611413,5032.854182195172,-315.6992168890458,3528.8409498259653,8.752365191220509
536.485973058124,0.023640610583553975,-0.0007579222724582508,-0.03193391388694279,0.023719422680451793,-0.07116983839792959,-2.3833851258655803e-05,1.960778731319606e-05,-0.0018048475826445067,5050.69181081832,-316.9703774838802,3528.84218602098,8.750581343394996
536.4860297532853,0.02364417776918572,-0.00075798921127087,-0.031936287968496645,0.023718189961797247,-0.07123001514719828,-2.323729675446693e-05,2.1711624307289302e-05,-0.0018049752716170148,5068.529365234344,-318.2426097281667,3528.843335108039,8.748786344199743
536.486068173716,0.02364767508017756,-0.0007580564946881494,-0.03193855318326164,0.023717026372361113,-0.07129019553821395,-2.4827158362718695e-05,2.376895903620114e-05,-0.0018051620596159282,5086.3668447597975,-319.5159137408996,3528.844399598218,8.747000086264485
536.4860884141331,0.023651103884567943,-0.000758124051693827,-0.031940724188325054,0.023715930380874044,-0.07135037991290927,-2.839158292036395e-05,2.5781769702866476e-05,-0.0018054028121612133,5104.204248719845,-320.79028963108016,3528.845381951713,8.745241488730505
536.4860908381721,0.02365446547037578,-0.000758191247541326,-0.031942900486061035,0.02371490043947875,-0.07141057118950014,-3.206920735867212e-05,2.775189064118921e-05,-0.0018056479400555404,5122.04157644827,-322.06573749771707,3528.8462845778413,8.743528497250637
536.4860760779244,0.023657761047053912,-0.0007582568961293831,-0.031945264419875115,0.02371393498538443,-0.07147077480543115,-3.23816637183936e-05,2.9681009071397495e-05,-0.0018058042254332132,5139.878827287557,-323.3422574299301,3528.847109835054,8.741878081990048
536.4860449016775,0.023660992075341832,-0.0007583221040266497,-0.03194762914741375,0.023713032818471272,-0.071530985635522,-3.1933274426642097e-05,3.1569970678287954e-05,-0.0018059339124402562,5157.716000608165,-324.6198495368537,3528.8478600338617,8.740305899320205
536.4859982284006,0.023664159906331597,-0.0007583873785388017,-0.03194992732029924,0.023712192693686348,-0.07159120139379552,-3.2361652664665325e-05,3.34196742272181e-05,-0.0018060836830706755,5175.553095793834,-325.89851393825904,3528.848537434848,8.738826751015884
536.4859371830471,0.023667265673549005,-0.0007584517610102553,-0.0319523265638369,0.023711413189046154,-0.0716514265407417,-3.1396087313145824e-05,3.523117381825253e-05,-0.0018061999935548136,5193.390112259713,-327.1782507415208,3528.8491442525365,8.737453900614698
536.4858630270381,0.023670310554209963,-0.0007585150433541273,-0.031954863853775994,0.023710693000985994,-0.07171166204124654,-2.8501214040080328e-05,3.7005060987312343e-05,-0.001806269845192864,5211.2270494728755,-328.45906005588535,3528.849682658749,8.736198561776787
536.4857771582637,0.023673295769220486,-0.0007585777680522355,-0.03195744551630981,0.023710030944359962,-0.0717719053645919,-2.4877015300779777e-05,3.8741464706175166e-05,-0.001806320784354871,5229.063906952315,-329.7409419924714,3528.8501547826086,8.735069898284818
536.4856811110737,0.023676222583146014,-0.0007586412279394036,-0.03195984726781738,0.023709425952407902,-0.07183215048546633,-2.3458383307362123e-05,4.0440051466758385e-05,-0.0018064208932979332,5246.900684268949,-331.02389666427104,3528.8505627105387,8.734075024066701
536.485576478692,0.02367909199101367,-0.000758705181346233,-0.03196212716148735,0.023708876732288914,-0.07189239856552124,-2.4065732139245325e-05,4.210089344079265e-05,-0.001806572680814193,5264.737381039897,-332.3079241983513,3528.8509084864813,8.733219368989673
536.4854649109865,0.02368190486908509,-0.0007587686920361772,-0.03196444779962518,0.02370838190160463,-0.07195265394484086,-2.4475647404011418e-05,4.3724102106286944e-05,-0.0018067234871341654,5282.573996922367,-333.5930247120281,3528.851194112018,8.732506939428744
536.4853481134321,0.023684662226531115,-0.0007588321817857514,-0.03196672265947432,0.023707940271340013,-0.07201291460193382,-2.5247974750058874e-05,4.5309157413580566e-05,-0.0018068797299071215,5300.410531632492,-334.87919831546265,3528.8514215497657,8.73193970342394
536.4852277755934,0.02368736494896233,-0.0007588957121412007,-0.03196894049228541,0.023707550575084013,-0.07207318023045572,-2.645772116136441e-05,4.685561101253993e-05,-0.0018070423262623897,5318.246984948087,-336.16644513137334,3528.851592724638,8.731517647518583
536.4851055711247,0.023690013798429072,-0.0007589589844185013,-0.031971165323316224,0.023707211469029554,-0.07213345223920921,-2.7695054957483004e-05,4.836308625255855e-05,-0.0018072066928093552,5336.083356708645,-337.4547652950356,3528.851709523847,8.731238776759277
536.4849831471046,0.023692609445511086,-0.0007590214933133673,-0.03197349983463002,0.023706921556600164,-0.07219373300633627,-2.8148128073011288e-05,4.983120909566987e-05,-0.0018073601135723681,5353.919646813909,-338.7441589469435,3528.851773797336,8.731099207251358
536.4848620878017,0.023695152680661843,-0.0007590836357083121,-0.031975846709307504,0.023706679571244338,-0.0722540205723358,-2.7912617823499168e-05,5.1259155401046e-05,-0.0018074912828425064,5371.75585520848,-340.03462619808624,3528.8517873585874,8.73109384472388
536.4847439697328,0.0236976441696835,-0.0007591455563697974,-0.03197819655288612,0.023706484191975553,-0.07231431428290659,-2.7722423085552175e-05,5.2646245356403316e-05,-0.0018076242479941893,5389.591981884662,-341.32616719383105,3528.8517519815628,8.731215993085701
536.4846302502596,0.023700084514792063,-0.0007592072614128422,-0.03198056116913331,0.02370633405208043,-0.07237461412013903,-2.790952972712098e-05,5.3991868174611e-05,-0.0018077723030524315,5407.42802688434,-342.61878207997887,3528.8516694058276,8.73145767358042
536.4845222524256,0.023702474282445218,-0.0007592687384365574,-0.031982941823945364,0.023706227757691274,-0.07243492011001278,-2.8382804935441557e-05,5.529542470766817e-05,-0.0018079324823170847,5425.263990298243,-343.91247099480694,3528.851541337229,8.731809708437812
536.4844211649563,0.02370481400334234,-0.0007593299565241453,-0.03198532924534744,0.023706163887786097,-0.07249523232239674,-2.8627997217035194e-05,5.6556327446703865e-05,-0.0018080855603628372,5443.099872265939,-345.20723406906876,3528.8513694478956,8.732261720873812
536.4843280414268,0.023707104176481256,-0.0007593909221807422,-0.03198770091711226,0.023706141003567084,-0.07255555063046,-2.8033753939668472e-05,5.777401012567349e-05,-0.00180820695307245,5460.9356729726505,-346.50307143087457,3528.851155375968,8.732802229140844
536.4842438158345,0.0237093452806641,-0.0007594519541329451,-0.03199003335489376,0.02370615770580488,-0.07261587360645257,-2.8200321475761824e-05,5.894805590624634e-05,-0.001808348638926399,5478.771392617563,-347.79998324705633,3528.8509007223684,8.733419534384131
536.4841693138591,0.023711537715753465,-0.0007595128026773062,-0.03199236496611362,0.02370621250282421,-0.07267620237129681,-2.836666010629509e-05,6.007814435130432e-05,-0.0018084899978909178,5496.607031439805,-349.0979696593045,3528.8506070541125,8.734100998941372
536.4841051901043,0.023713681875423314,-0.0007595732757725071,-0.0319947195210013,0.023706303901982084,-0.0727365377616502,-2.7780577337946264e-05,6.11640473779749e-05,-0.0018086085169517862,5514.442589699948,-350.39703080652964,3528.8502759053995,8.734833762199829
536.4840519207371,0.023715778161448025,-0.0007596334032139681,-0.031997093253884314,0.023706430435435386,-0.0727968796087554,-2.6518519541656027e-05,6.220564390896021e-05,-0.0018087062856777555,5532.2780676730235,-351.69716683576564,3528.8499087772307,8.7356049609316
536.4840098034865,0.023717826983702398,-0.0007596934366338482,-0.03199945486318819,0.02370659066014089,-0.07285722673844015,-2.5485571952627733e-05,6.3202919872537e-05,-0.001808809996220549,5550.113465648522,-352.9983779021697,3528.8495071374123,8.736401729293632
536.4839789630513,0.02371982874674727,-0.0007597536987518462,-0.03200176671716964,0.023706783139073883,-0.07291757766248888,-2.592034879286459e-05,6.415599825095694e-05,-0.0018089569572987269,5567.948783928141,-354.30066416515876,3528.8490724205913,8.737211266437809
536.4839594144665,0.023721783767593985,-0.0007598135649701695,-0.032004119715416064,0.023707006320845936,-0.07297793522220714,-2.5821236136870937e-05,6.506528660131502e-05,-0.0018090914073642624,5585.784022809753,-355.60402575620856,3528.848606028116,8.73802126225504
536.483951029561,0.023723692454811155,-0.000759873284268786,-0.032006471175099103,0.023707258781952175,-0.07303829821874525,-2.576350638560944e-05,6.593107988971415e-05,-0.0018092268909042546,5603.619182602005,-356.90846282031737,3528.848109327669,8.73881941557486
536.4839535337643,0.02372555522813097,-0.0007599331159264071,-0.032008780881356814,0.023707539118590623,-0.07309866542006954,-2.6462077103986334e-05,6.675383430983296e-05,-0.0018093821662384735,5621.4542636009655,-358.2139755036387,3528.847583654434,8.739594229349525
536.4839665127572,0.023727372491442616,-0.0007599930351222835,-0.03201105395024455,0.023707845909481023,-0.07315903691585679,-2.7844132745178022e-05,6.753423584717941e-05,-0.0018095554807364856,5639.289266085179,-359.52056394693994,3528.84703031125,8.740335168569782
536.4839894124717,0.02372914463279226,-0.0007600527329362058,-0.032013340828735005,0.02370817771586482,-0.07321941411749415,-2.9049124650631094e-05,6.827320027909072e-05,-0.0018097245708176524,5657.124190315667,-360.8282282856019,3528.8464505686097,8.741032660264858
536.484021549137,0.023730872052708813,-0.0007601118208834795,-0.03201570248789005,0.023708533114506797,-0.07327979880028865,-2.89365297537772e-05,6.897180263728235e-05,-0.0018098590442354643,5674.959036533987,-362.1369686501653,3528.8458456646604,8.741678128027
536.4840621856617,0.023732555322343488,-0.0007601710653172304,-0.03201800783786939,0.023708910893230753,-0.07334018734772121,-2.9353626955771616e-05,6.963084883105932e-05,-0.0018100032843774631,5692.793804955984,-363.4467851753976,3528.8452168047634,8.742263967009373
536.4841104663101,0.023734194872491794,-0.0007602301619934871,-0.032020317187412,0.02370930969870967,-0.07340058118838214,-2.9740248417200256e-05,7.025161857326714e-05,-0.0018101469249212387,5710.628495789252,-364.7576779975095,3528.8445651617685,8.742783160394884
536.484165473823,0.023735791163778767,-0.0007602887731645266,-0.032022693237797675,0.02370972821866351,-0.07346098189827231,-2.936338580587348e-05,7.083549030008884e-05,-0.001810273965301799,5728.463109207337,-366.0696472467799,3528.843891877257,8.743229979222727
536.484226244614,0.023737344733594155,-0.0007603468502936704,-0.032025145016911435,0.023710165234961958,-0.07352138968582062,-2.808714371304731e-05,7.138382910252744e-05,-0.0018103810536609223,5746.297645345474,-367.3826930475057,3528.843198061633,8.743600079934199
536.4842917687683,0.023738856196092423,-0.0007604046340552843,-0.0320276278792435,0.02371061962362443,-0.07358180339188396,-2.637273965342344e-05,7.189798672640595e-05,-0.0018104774868471561,5764.132104300584,-368.6968155180019,3528.8424847941224,8.7438905043727
536.4843609900433,0.02374032624219275,-0.0007604626543347781,-0.03203004350588932,0.02371109035482008,-0.07364222048974718,-2.5278504065149203e-05,7.237930157236736e-05,-0.001810585210415818,5781.96648613127,-370.0120147706015,3528.8417531227765,8.744099679783734
536.4844328425005,0.02374175552637003,-0.0007605210527925479,-0.03203237644496909,0.02371157638995881,-0.0737026403269461,-2.535820764797578e-05,7.282933581515696e-05,-0.0018107211133558479,5799.800790860166,-371.3282909248516,3528.84100406453,8.74422721218203
536.4845062888819,0.023743144578183547,-0.0007605790097013333,-0.032034788916438704,0.023712076589986173,-0.07376306680113255,-2.5162155976269004e-05,7.324997986467813e-05,-0.0018108592829396903,5817.635018488804,-372.64564410470166,3528.840238606101,8.744273307344265
536.484580245226,0.023744494175891716,-0.0007606370109277291,-0.032037168105772174,0.02371259006412515,-0.0738234975251245,-2.503948804826746e-05,7.364262910969912e-05,-0.0018109948965268805,5835.469168988378,-373.96407439730797,3528.8394577051545,8.74423937323611
536.4846536828663,0.02374580508626868,-0.0007606953484783993,-0.03203944941340391,0.02371311594879659,-0.07388393107034737,-2.5275161831990602e-05,7.400877758898855e-05,-0.0018111281435313554,5853.303242292541,-375.2835818964983,3528.8386622904723,8.744127872945832
536.4847256328279,0.02374707805159636,-0.0007607540438400995,-0.03204163237298937,0.023713653396107762,-0.07394436733519388,-2.597806786218617e-05,7.435004656850757e-05,-0.0018112627351749783,5871.137238297393,-376.6041667045813,3528.8378532619545,8.743942308942346
536.4847951858279,0.023748313789664473,-0.0007608128479796769,-0.03204378065140505,0.023714201573852338,-0.07400480754502405,-2.7081029240330216e-05,7.466818454140989e-05,-0.001811405904487541,5888.971156861479,-377.92582893234663,3528.8370314906215,8.743687223075236
536.4848614922753,0.023749512993770518,-0.0007608712413440701,-0.03204602204874849,0.023714759665510385,-0.07406525425216515,-2.8340801634627083e-05,7.496506722804178e-05,-0.0018115684063067614,5906.8049978057925,-379.2485686990648,3528.836197818612,8.743368196574744
536.484923780153,0.02375067646232147,-0.0007609289157865099,-0.03204837750613028,0.023715326946875535,-0.07412570879940072,-2.8087745939179888e-05,7.524221668044413e-05,-0.001811695489519153,5924.6387609324765,-380.57238607119797,3528.835353063322,8.742991343666278
536.484981329717,0.023751805127402447,-0.0007609864376932999,-0.03205070154257926,0.023715902863347536,-0.07418616837072783,-2.6355572949725364e-05,7.550077730312294e-05,-0.0018117664877196377,5942.472446033191,-381.89728110408964,3528.8344980163683,8.742563007051361
536.4850334776706,0.023752899782205558,-0.00076104402291266,-0.032053035201807,0.023716486840301174,-0.07424663218739018,-2.5804041680831067e-05,7.57423999762314e-05,-0.0018118798004574416,5960.306052860832,-383.2232539400378,3528.8336334387814,8.742090426119853
536.4850796741465,0.023753961238718972,-0.0007611017148319038,-0.03205540730568243,0.023717078329550497,-0.07430710015314144,-2.7515166883065696e-05,7.596855361457767e-05,-0.001812077279670151,5978.139581154879,-384.5503046888223,3528.832760068891,8.74158105103976
536.4851194832157,0.02375499033004143,-0.0007611593904497632,-0.03205783147204539,0.023717676810432044,-0.07436757281973624,-3.095461977042243e-05,7.61805160263848e-05,-0.0018123424434653768,5995.973030641732,-385.8784334263404,3528.8318786224163,8.741042533712019
536.4851525828888,0.023755987910382238,-0.0007612167603763892,-0.03206030611470665,0.023718281789804847,-0.07442805138693023,-3.3971728020318805e-05,7.637937391329065e-05,-0.001812600476120754,6013.806401034714,-387.2076401946068,3528.8309897924655,8.740482727770502
536.4851787651145,0.02375695485506127,-0.0007612733688333518,-0.03206281444344789,0.02371889280205044,-0.0744885377024801,-3.279947577359696e-05,7.656602287034795e-05,-0.001812718228083944,6031.639692034072,-388.537925001754,3528.830094249535,8.739909688582017
536.4851979003482,0.02375789209013231,-0.0007613299026941227,-0.03206524674942822,0.02371950956446867,-0.07454902855757387,-2.9342632601499384e-05,7.674125617200965e-05,-0.0018127452885921098,6049.472903330646,-389.8692879325031,3528.8291926388238,8.739331380816214
536.4852099182648,0.023758800443625484,-0.0007613870483500757,-0.03206758572733115,0.023720131799264983,-0.07460952103171531,-2.805114857917242e-05,7.690609421294815e-05,-0.0018128333775300155,6067.306034614413,-391.2017291376848,3528.8282855817865,8.738755479034568
536.4852148674138,0.02375968066630006,-0.0007614440984890788,-0.03206992715959474,0.023720759077857395,-0.0746700183714408,-2.6454169090467625e-05,7.706146235627151e-05,-0.0018129111891198562,6085.139085576852,-392.5352486722731,3528.8273736821725,8.738189523985275
536.485212890526,0.023760533554674012,-0.0007615010229354457,-0.032072279396686665,0.023721391089638857,-0.07473052072566873,-2.4551234844685927e-05,7.720805753943374e-05,-0.001812979962126536,6102.972055913934,-393.8698466137542,3528.826457523402,8.737640603780795
536.4852042237833,0.02376135994550791,-0.0007615584202391758,-0.032074570509105005,0.023722027634696132,-0.07479102537000301,-2.466049883965604e-05,7.734636007310427e-05,-0.0018131092897952772,6120.804945326374,-395.20552306116684,3528.825537668632,8.73711535015827
536.4851891777328,0.02376216055328559,-0.0007616158505856921,-0.03207686846647872,0.02372266838189607,-0.0748515343491952,-2.547371017956929e-05,7.747695380730777e-05,-0.001813264006742032,6138.637753525749,-396.5422780829718,3528.8246146631777,8.736619918663209
536.4851681370642,0.023762936119842478,-0.0007616731528287698,-0.032079183848729556,0.023723313061357082,-0.07491204836590061,-2.611118988444186e-05,7.760020992064944e-05,-0.0018134151964191642,6156.470480231748,-397.88011174152365,3528.82368903363,8.736160018868592
536.4851415505366,0.023763687388217544,-0.0007617304830408527,-0.03208148851345233,0.02372396145631709,-0.07497256667819811,-2.6912757162201863e-05,7.771635660686041e-05,-0.0018135704195016808,6174.303125179202,-399.2190241120659,3528.8227612892097,8.735740666962922
536.4851099245637,0.023764415039730858,-0.0007617877569035814,-0.032083796891510794,0.02372461331938622,-0.07503308967983145,-2.7659594748240837e-05,7.782560935401232e-05,-0.0018137242535046936,6192.135688121238,-400.5590152709225,3528.8218319227103,8.735366129280834
536.4850738178789,0.02376511970885933,-0.0007618447542560992,-0.03208614623072609,0.023725268386910928,-0.07509361840215308,-2.7783534891603535e-05,7.792813625595208e-05,-0.0018138625854786552,6209.968168830259,-401.9000852945793,3528.820901410846,8.735039907419043
536.4850338225638,0.023765802066393713,-0.0007619017092949824,-0.03208849191739561,0.02372592646590225,-0.07515415172414308,-2.773715018391963e-05,7.802388158987221e-05,-0.001813994413858584,6227.80056709727,-403.24223425894866,3528.819970214644,8.734764812901707
536.484990583167,0.023766462720407087,-0.0007619586248376655,-0.032090839877225004,0.023726587337346925,-0.07521468964811176,-2.7698320746799846e-05,7.811281874442936e-05,-0.0018141267952952124,6245.632882725016,-404.58546224741053,3528.8190387776585,8.734543118481248
536.4849447534544,0.02376710224414698,-0.0007620154667267029,-0.03209319997600433,0.02372725077038922,-0.07527523234240609,-2.7687555826729418e-05,7.819487250277168e-05,-0.001814261920589436,6263.465115540375,-405.9297693428639,3528.8181075298285,8.734376292177368
536.4848969911632,0.023767721185634163,-0.0007620722310004367,-0.032095572650723686,0.023727916530812264,-0.07533577981928004,-2.7683839306766837e-05,7.826989545395796e-05,-0.0018143991257071669,6281.297265395656,-407.2751556267054,3528.8171768878933,8.734264971652594
536.4848479580016,0.023768320067662687,-0.0007621289438929968,-0.03209794890957323,0.023728584381038028,-0.0753963319348946,-2.7624629706543818e-05,7.833766799295765e-05,-0.001814534891779333,6299.129332168605,-408.6216211788289,3528.8162472553936,8.73420896421229
536.4847983181932,0.023768899387663307,-0.0007621856663063942,-0.03210031046662565,0.023729254080449628,-0.07545688837104404,-2.744183903921818e-05,7.839790138206036e-05,-0.0018146641129238163,6316.961315762327,-409.9691660782892,3528.815319022698,8.734207251495123
536.484748685537,0.02376945960500769,-0.0007622425746884055,-0.032102649800428096,0.0237299253884477,-0.07551744835962869,-2.8198019758724527e-05,7.845038382338735e-05,-0.001814822504852248,6334.793216098512,-411.31779042766817,3528.8143925673767,8.734258291528764
536.4846997071517,0.02377000113940592,-0.000762299510567065,-0.032104988244446124,0.0237305980265539,-0.07557801262212897,-2.9334279211362192e-05,7.849485341902016e-05,-0.0018149938874742145,6352.625033112945,-412.6674943083221,3528.8134682517248,8.734360049726101
536.4846520143498,0.023770524391744048,-0.0007623562690847125,-0.032107340863863826,0.023731271705457937,-0.07563858205408212,-2.9784348633436344e-05,7.853099593978618e-05,-0.001815143546322404,6370.456766761102,-414.0182777922415,3528.8125464257982,8.734509920080098
536.4846061805368,0.02377102974475603,-0.0007624127633960806,-0.03210971235725644,0.02373194613822171,-0.07569915702511341,-2.9047866429872145e-05,7.855851347140743e-05,-0.0018152548350358752,6388.28841701788,-415.37014096006925,3528.811627428609,8.734704802572152
536.4845627212117,0.023771517563023738,-0.0007624690246682962,-0.032112097056590364,0.023732621040279303,-0.07575973737893614,-2.7190378174214734e-05,7.857712441450057e-05,-0.0018153291753600594,6406.1199838776,-416.7230839010999,3528.8107115881285,8.734941103172094
536.4845220939659,0.023771988192976965,-0.0007625252020808795,-0.032114478927223154,0.023733296129436997,-0.07582032243335166,-2.4843336608629214e-05,7.858656348457689e-05,-0.0018153860571467593,6423.9514673540025,-418.0771067132803,3528.8097992212847,8.735214733838191
536.4844846984842,0.023772441962893413,-0.0007625815628257445,-0.03211683156790352,0.02373397112587325,-0.07588091098024932,-2.320410164390069e-05,7.858658171204233e-05,-0.0018154630383541489,6441.782867480251,-419.43220950320904,3528.808890633964,8.735521112517139
536.484450876544,0.023772879182898415,-0.000762638492103471,-0.03211911821124346,0.023734645752138246,-0.0759415012856236,-2.4035926457890916e-05,7.857694644285203e-05,-0.0018156157446355627,6459.614184308933,-420.7883923861368,3528.8079861210103,8.735855163145702
536.484420928533,0.023773300069496003,-0.0007626953741870406,-0.03212142668857208,0.023735319595963908,-0.07600209618848486,-2.5309502012784574e-05,7.855761725100689e-05,-0.0018157869858313217,6477.445417894263,-422.1456554397239,3528.8070859659865,8.736211962742585
536.4843951130097,0.023773704883199232,-0.000762751902102112,-0.03212378471686051,0.02373599229906895,-0.07606269704947709,-2.5568922403563354e-05,7.852846843649052e-05,-0.0018159304357714533,6495.276568289541,-423.503998737033,3528.806190440412,8.736586743324684
536.48437361472,0.02377409394037346,-0.0007628086264182746,-0.03212611291562398,0.023736663609847747,-0.07612330131038177,-2.659723242295811e-05,7.848927863592052e-05,-0.001816096013313277,6513.107635563244,-424.86342238370787,3528.805299805431,8.736974363711385
536.484356550437,0.023774467497155904,-0.0007628655996551928,-0.03212840353227924,0.023737333202988417,-0.07618390871899731,-2.855446158185866e-05,7.843999279240528e-05,-0.0018162881048991745,6530.9386197876565,-426.2239264737482,3528.804414312373,8.737369772483667
536.4843439689615,0.02377482574945565,-0.0007629223762826066,-0.03213072044214457,0.023738000679472866,-0.07624452132913903,-2.9977624109313794e-05,7.838072215554406e-05,-0.00181646556455659,6548.769521038869,-427.58551108950945,3528.8035342027556,8.737768007984116
536.4843358554916,0.023775168893012885,-0.0007629785251144614,-0.032133121462791514,0.02373866564321445,-0.07630514111581511,-2.9340342334605518e-05,7.831161530418346e-05,-0.0018165841395568988,6566.600339394675,-428.94817631060823,3528.802659707943,8.738164232431274
536.4843321495516,0.02377549725405929,-0.0007630348429538055,-0.03213548612928809,0.023739327881148114,-0.07636576436374885,-2.9070799589106526e-05,7.823258314270091e-05,-0.001816709956246529,6584.431074929432,-430.31192224351844,3528.8017910478243,8.738553776653518
536.4843327328806,0.02377581102715786,-0.0007630910781608741,-0.032137861186476116,0.023739987027368303,-0.0764263922637697,-2.8632584513573776e-05,7.814387356603163e-05,-0.001816831428530604,6602.26172771828,-431.6767489818867,3528.800928432598,8.738932134655524
536.4843374354605,0.023776110431266595,-0.0007631471162924299,-0.03214026695164786,0.02374064274533775,-0.07648702535082173,-2.775200147435751e-05,7.804573759574855e-05,-0.0018169421154272834,6620.092297828995,-433.042656616862,3528.8000720627674,8.739295185710038
536.484346036366,0.023776395725077747,-0.0007632031058106807,-0.032142677726492215,0.023741294746831794,-0.07654766291721309,-2.678616162458842e-05,7.793839638048525e-05,-0.0018170505460457815,6637.922785321396,-434.40964523889227,3528.7992221290833,8.739639206808667
536.4843582651802,0.023776667198796925,-0.0007632594002309177,-0.03214503260642692,0.023741942783524088,-0.0766083032883389,-2.660290491428123e-05,7.782206132602453e-05,-0.0018171776775028233,6655.753190246985,-435.77771493814646,3528.798378812538,8.739960879501508
536.4843738231265,0.023776925049735984,-0.0007633156669164673,-0.03214739647267461,0.023742586516205786,-0.07666894805263208,-2.6579170278690342e-05,7.769722242354037e-05,-0.0018173116404788985,6673.583512646426,-437.14686580725686,3528.7975422842387,8.740257307571433
536.4843923685912,0.023777169530798756,-0.0007633719010155051,-0.032149764124136074,0.023743225663688024,-0.0767295972088412,-2.652911291659164e-05,7.756426253593459e-05,-0.0018174452123894426,6691.41375255729,-438.51709792939135,3528.796712705792,8.740525835250383
536.4844135357231,0.023777400922460497,-0.0007634282449588043,-0.03215210503703193,0.023743859982086384,-0.07679025006132208,-2.6632908801008655e-05,7.742355489731543e-05,-0.0018175800635636054,6709.243910004337,-439.8884113869013,3528.79589022958,8.740764290051926
536.4844369418611,0.02377761949596516,-0.000763484732751197,-0.03215441269187503,0.0237444892282022,-0.07685090644365461,-2.6948614278075133e-05,7.727555752086957e-05,-0.0018177172310355173,6727.073984996871,-441.26080626422885,3528.7950749987494,8.740971041155476
536.4844621875347,0.023777825513325374,-0.0007635412899715733,-0.03215670457347043,0.023745113159522574,-0.0769115667186427,-2.7412166067035047e-05,7.712081319886208e-05,-0.001817857118544289,6744.903977528748,-442.63428264790696,3528.794267147211,8.74114499940629
536.4844888564643,0.023778019227322457,-0.0007635977337728824,-0.03215902217091543,0.023745731534220358,-0.07697223177831439,-2.7837381260242576e-05,7.695994950263646e-05,-0.0018179994965340119,6762.733887578365,-444.0088406265592,3528.79346679964,8.741285617315468
536.4845165363287,0.023778200932720178,-0.0007636539588655275,-0.03216136945132908,0.023746344146415292,-0.07703290207339648,-2.7565395374070856e-05,7.679350278490012e-05,-0.0018181221159613754,6780.563715110134,-445.38448027020763,3528.792674072626,8.741392837676159
536.484544821529,0.023778370982620915,-0.0007637102095922908,-0.032163680199855216,0.023746950859526876,-0.07709357637320761,-2.653019204049265e-05,7.662186643435265e-05,-0.001818212755969972,6798.393460080326,-446.76120164176666,3528.791889074269,8.741466867345938
536.4845732765933,0.02377852964548145,-0.0007637665094411439,-0.03216599110499056,0.023747551503774215,-0.07715425469358596,-2.590357205335587e-05,7.644575397329038e-05,-0.001818317555117878,6816.22312243276,-448.1390048492312,3528.791111901949,8.741508284208624
536.484601491799,0.023778677207006407,-0.0007638228426403012,-0.032168329904933235,0.023748145927431467,-0.07721493718699989,-2.6327809848036864e-05,7.626583048897031e-05,-0.0018184629476837668,6834.052702097522,-449.5178899878206,3528.790342645729,8.741518074570745
536.4846290847132,0.023778813973543696,-0.0007638791635874943,-0.03217071147603717,0.02374873399887113,-0.07727562409086033,-2.787607727967339e-05,7.6082700756823e-05,-0.0018186537045295189,6851.882198990999,-450.8978571383529,3528.789581388447,8.741497632145126
536.484655700193,0.023778940272084496,-0.0007639353968499726,-0.03217313783281209,0.023749315606564035,-0.07733631572752085,-3.005244362316451e-05,7.589690924045264e-05,-0.0018188729331002204,6869.711613015872,-452.2789063672451,3528.788828205713,8.741448758050893
536.4846810103852,0.02377905645026326,-0.0007639914371645025,-0.032175598127923526,0.02374989065907935,-0.07739701250427757,-3.1791875573170744e-05,7.570894009163702e-05,-0.0018190820774241642,6887.540944061124,-453.6610377265129,3528.7880831659118,8.741373660813474
536.4847047147261,0.023779162876357722,-0.0007640471494373683,-0.03217806865219284,0.02375045908508458,-0.07745771491336916,-3.1460237244113854e-05,7.551921715032757e-05,-0.001819220918112849,6905.370192002033,-455.04425125377105,3528.7873463302026,8.741274956364592
536.4847265397112,0.02377925994195955,-0.0007641026815090793,-0.03218049682775677,0.023751020869871495,-0.07751842217374386,-2.8672492580537204e-05,7.532812386496772e-05,-0.0018192682175344852,6923.199356702468,-456.4285470007084,3528.786617751806,8.74115552229997
536.4847462385351,0.023779348000042493,-0.0007641588003173027,-0.032182840745556045,0.02375157607359172,-0.07757913094877127,-2.7808820774911587e-05,7.513619325582606e-05,-0.0018193695733166124,6941.028438026984,-457.81392510551666,3528.7858974747683,8.74101792361348
536.4847636010439,0.023779427338152255,-0.0007642149742702552,-0.032185173109301746,0.023752124602556955,-0.07763984369185842,-2.7026659885018625e-05,7.494398980513364e-05,-0.0018194720024812775,6958.85743583133,-459.2003856228788,3528.7851855391696,8.740865123425241
536.4847784591092,0.02377949827707102,-0.0007642709953854172,-0.03218752144734545,0.023752666425167,-0.07770056136169777,-2.5577622854381328e-05,7.47519748008801e-05,-0.0018195536853302524,6976.686349964005,-460.5879286152964,3528.7844819787447,8.740700186818911
536.4847906867143,0.023779561176468008,-0.0007643271453698871,-0.03218985582803891,0.023753201592646003,-0.07776128268918828,-2.466879476968637e-05,7.456050535898855e-05,-0.0018196519881439111,6994.51518026692,-461.97655416542756,3528.7837868205584,8.740526227992673
536.4848001981561,0.023779616386944147,-0.0007643836897049313,-0.032192153553574396,0.023753730165840533,-0.07782200649597242,-2.5589602977925527e-05,7.436992030692572e-05,-0.0018198082175155637,7012.343926577683,-463.3662623585798,3528.783100085771,8.740346385294256
536.4848069407433,0.023779664187091997,-0.0007644400377180537,-0.03219448829154825,0.02375425209618227,-0.07788273548631762,-2.6099081991110745e-05,7.41806261808603e-05,-0.0018199557197330258,7030.172588734684,-464.7570532405173,3528.7824217913917,8.740163783390726
536.4848109001028,0.02377970493617274,-0.0007644964159756089,-0.032196819112414655,0.023754767463971687,-0.077943468587566,-2.6704716449681043e-05,7.399281922207148e-05,-0.0018201059519340624,7048.0011665726615,-466.14892687782134,3528.7817519483865,8.73998150918912
536.48481210042,0.023779738960513483,-0.0007645528771755187,-0.03219913664967409,0.02375527633024113,-0.07800420555315252,-2.752745828182435e-05,7.380671177513973e-05,-0.0018202617031562278,7065.829659927875,-467.5418833377157,3528.7810905631063,8.739802494742023
536.484810604309,0.02377976654684788,-0.0007646092350214454,-0.03220147192482893,0.023755778727228644,-0.07806494726262664,-2.8074279717166722e-05,7.36225448489633e-05,-0.001820410531502709,7083.6580686384,-468.935922686173,3528.7804376373797,8.739629512848781
536.4848065086672,0.02377978798847875,-0.0007646654073557539,-0.032203835406044906,0.023756274708178458,-0.07812569409546898,-2.8038978374932165e-05,7.344047546045957e-05,-0.0018205433896884202,7101.486392545847,-470.33104498771127,3528.7797931689006,8.73946513308362
536.4847999384589,0.023779803612158274,-0.0007647216513535375,-0.03220618349074034,0.023756764382290265,-0.07818644484246506,-2.807820331423854e-05,7.326053382418998e-05,-0.0018206765055928625,7119.314631493325,-471.72725031095257,3528.7791571507114,8.73931179016677
536.484791048171,0.023779813681382923,-0.0007647778489912928,-0.03220854245233454,0.023757247806927506,-0.07824720008263625,-2.8062438116433323e-05,7.308285005499673e-05,-0.0018208093294864878,7137.14278532583,-473.12453872724717,3528.778529571392,8.739171771184159
536.4847800151965,0.02377981845808627,-0.0007648339456004284,-0.03221092399948571,0.02375772504881191,-0.07830796008415147,-2.7919137712985514e-05,7.290748497856169e-05,-0.001820941101998789,7154.970853896316,-474.52291030600423,3528.7779104165306,8.73904704829215
536.4847670397204,0.023779818203928653,-0.0007648899592526352,-0.03221332355119461,0.023758196185369184,-0.07836872475966487,-2.765303483917188e-05,7.27344268206762e-05,-0.0018210712994763997,7172.798837065776,-475.92236511464705,3528.77729966874,8.738939276626613
536.48475234472,0.023779813180297153,-0.0007649459807598861,-0.03221572023680459,0.023758661304728982,-0.0784294936663157,-2.734614003407697e-05,7.256359120724107e-05,-0.0018211996339830953,7190.626734703237,-477.3229032186129,3528.776697307659,8.738849794302922
536.484736172685,0.023779803639574996,-0.0007650021529411745,-0.032218086510994184,0.023759120500552983,-0.07849026612259019,-2.7272602487061996e-05,7.239485009454039e-05,-0.001821331478618022,7208.454546686031,-478.7245246856933,3528.77610330996,8.738779611522318
536.484718757409,0.023779789749253655,-0.0007650583805353924,-0.03222047780644777,0.023759573815778017,-0.07855104270272399,-2.8270890087899682e-05,7.222827940665755e-05,-0.0018215042230594744,7226.282272899792,-480.1272296139465,3528.7755176491364,8.738729414667775
536.484700366107,0.02377977173002655,-0.0007651145608376541,-0.032222886169467585,0.02376002131261503,-0.07861182381321759,-2.9381538975013615e-05,7.20637087829164e-05,-0.0018216834036161754,7244.109913232553,-481.5310180546379,3528.774940295561,8.738699842930158
536.484681269012,0.023779749804705964,-0.0007651706661268056,-0.03222528560263067,0.023760463061339755,-0.07867260949018327,-2.9690083863239458e-05,7.190090932784281e-05,-0.0018218334099371295,7261.937467580843,-482.9358900561283,3528.774371217456,8.738691259228702
536.484661729257,0.023779724173323455,-0.0007652267080163619,-0.03222765821095987,0.023760899127832774,-0.07873339963041383,-2.8789108823923876e-05,7.17396776850868e-05,-0.001821937429328801,7279.76493585095,-484.3418456783689,3528.7738103810034,8.738703699201238
536.4846420028748,0.023779695013129876,-0.000765282737454507,-0.032229994201923906,0.023761329573579498,-0.07879419399138264,-2.6778247284924552e-05,7.157983603742252e-05,-0.0018219974467551133,7297.592317958917,-485.74888499290125,3528.7732577503402,8.738736871204203
536.4846223387973,0.02377966247859536,-0.0007653388447240938,-0.03223229188543738,0.02376175445567018,-0.07885499219124363,-2.4264182030610153e-05,7.142123210674828e-05,-0.0018220342448374493,7315.419613830546,-487.15700808285726,3528.7727132875625,8.738790156312632
536.4846029788561,0.02377962670140934,-0.0007653951594426443,-0.03223455767386071,0.023762173826799925,-0.07891579370883128,-2.2360645201860376e-05,7.126373915408653e-05,-0.001822087403854651,7333.246823401395,-488.5662150429592,3528.772176952723,8.738862608320153
536.4845841577823,0.023779587790480516,-0.0007654518505623497,-0.03223680608200018,0.02376258773526866,-0.07897659788366063,-2.2688418296065913e-05,7.110725597958381e-05,-0.0018222153017430204,7351.073946616779,-489.9765059795195,3528.771648703833,8.738952953739004
536.4845660998717,0.023779545823632172,-0.0007655088455243598,-0.032239079239209545,0.023762996189703674,-0.07903740515161785,-2.58841238666884e-05,7.095170743784972e-05,-0.001822446333398704,7368.900983430812,-491.3878809886715,3528.771128497411,8.739059688050405
536.48454900027,0.023779500877322786,-0.0007655651937626945,-0.03224144807746428,0.023763399092540008,-0.07909821971072047,-2.7036074702299878e-05,7.079692640338574e-05,-0.0018226208259385093,7386.727933798324,-492.8003400754099,3528.770616290254,8.73918159705365
536.4845330421884,0.023779453112315586,-0.0007656214322716615,-0.032243836038100465,0.023763796541086804,-0.07915903907552707,-2.7915951849249234e-05,7.064262671554873e-05,-0.0018227887266667009,7404.554797679636,-494.21388332806464,3528.770112035226,8.739317105259314
536.4845183867104,0.023779402648275872,-0.0007656778245205201,-0.032246208112312005,0.023764188585665178,-0.07921986203458177,-2.94635487186447e-05,7.048859988374464e-05,-0.0018229773705747956,7422.381575042316,-495.62851083069455,3528.7696156841557,8.73946447284428
536.4845051704933,0.02377934955094792,-0.0007657340930891508,-0.032248593845394836,0.023764575194648696,-0.07928068984065792,-3.048905045547024e-05,7.033472820889445e-05,-0.0018231499327812175,7440.208265860817,-497.0442226456132,3528.769127188323,8.739621858702565
536.4844935062864,0.023779293880813658,-0.0007657899283529474,-0.032251021675533266,0.023764956327730815,-0.07934152387768542,-2.953935804493386e-05,7.018089674608941e-05,-0.0018232602929114958,7458.034870114512,-498.46101883057327,3528.768646497814,8.739787338060609
536.4844834864139,0.023779235769443356,-0.0007658459616979059,-0.032253411777788135,0.023765332073435945,-0.07940236125502122,-2.8977123595193535e-05,7.00268838314563e-05,-0.0018233784005926045,7475.86138778258,-499.87889948489993,3528.7681735597116,8.739958939770082
536.4844751794375,0.023779175252517742,-0.0007659019728817969,-0.032255805013362275,0.02376570239270036,-0.07946320302173986,-2.8336384216867582e-05,6.987266782180962e-05,-0.001823494228684172,7493.687818849037,-501.2978646870187,3528.7677083205003,8.74013465355391
536.4844686277047,0.023779112387198927,-0.0007659579088289519,-0.032258211032008356,0.023766067269448715,-0.07952404943005217,-2.749907320725076e-05,6.971818836266051e-05,-0.0018236051309481883,7511.514163299064,-502.71791451413765,3528.7672507254824,8.740312505063228
536.484463847335,0.02377904726008983,-0.0007660139610335044,-0.03226059769791163,0.023766426721843547,-0.07958489957847005,-2.6962959784385256e-05,6.956333118179244e-05,-0.0018237235465333214,7529.340421118717,-504.1390490444417,3528.7668007186967,8.740490559266698
536.4844608299686,0.023778979936953486,-0.0007660701983348184,-0.03226295690148547,0.023766780747772054,-0.07964575315381262,-2.700119909432304e-05,6.94080529254272e-05,-0.001823857730764511,7547.166592293579,-505.5612683577918,3528.7663582428436,8.740666957840103
536.4844595475777,0.023778910443098114,-0.0007661263790345885,-0.03226532955182465,0.023767129297796334,-0.07970661129523053,-2.699342907699143e-05,6.925241010559242e-05,-0.0018239923101970772,7564.992676810097,-506.9845725299626,3528.7659232393785,8.740839877806923
536.4844599514294,0.023778838852465744,-0.0007661826046129763,-0.03226769215946504,0.023767472373964333,-0.07976747350495879,-2.7024820694859837e-05,6.909635150913085e-05,-0.0018241267143712916,7582.818674654949,-508.4089616338646,3528.7654956486217,8.741007551674775
536.4844619727847,0.02377876522930985,-0.0007662389192779924,-0.03227003494528863,0.0237678099706868,-0.07982833956786962,-2.7144189840364355e-05,6.893987967281819e-05,-0.0018242611692535127,7600.6445858111265,-509.8344357447023,3528.7650754095953,8.74116837907819
536.4844655229145,0.02377868962746966,-0.000766295304812586,-0.032272362797579064,0.023768142073972466,-0.07988920957602186,-2.7353128564909214e-05,6.878305276956191e-05,-0.0018243964639442956,7618.4704102579,-511.2609949400079,3528.7646624600216,8.741320927632827
536.484470493099,0.02377861209037016,-0.0007663516805746451,-0.03227469527202167,0.023768468661428045,-0.07995008392866099,-2.760600507886678e-05,6.862598460840123e-05,-0.0018245339506783923,7636.296147970824,-512.6886392996406,3528.764256736322,8.741463932935481
536.4844767573835,0.023778532662145295,-0.0007664079126132663,-0.032277055183614914,0.023768789706391912,-0.0800109632583271,-2.756184220703586e-05,6.846880786136687e-05,-0.0018246652294683103,7654.121798921393,-514.1173688986664,3528.76385817388,8.741596320849181
536.484484188287,0.023778451447971926,-0.0007664640198747496,-0.03227939944706521,0.02376910521857076,-0.08007184735174758,-2.6169948343889837e-05,6.831148548562049e-05,-0.0018247474033693603,7671.947363076665,-515.5471837835669,3528.7634667078537,8.74171723976741
536.4844926362191,0.023778368501968395,-0.000766520169483428,-0.03228173056592659,0.02376941521365578,-0.08013273551916916,-2.470403096073912e-05,6.815418368937045e-05,-0.0018248250152527877,7689.772840402802,-516.9780840526059,3528.763082270236,8.741825790390854
536.484501945754,0.023778283872635274,-0.0007665764625003075,-0.03228406222860493,0.023769719702046697,-0.08019362738231688,-2.4268615309568595e-05,6.799710084029619e-05,-0.0018249384196128739,7707.598230860673,-518.4100698032687,3528.762704791961,8.741921262280933
536.4845119592511,0.023778197616622896,-0.0007666329240750331,-0.03228640619577669,0.023770018691565788,-0.0802545228744556,-2.5367092841425133e-05,6.784042031255313e-05,-0.001825106837061793,7725.423534405209,-519.8431411214648,3528.7623342033176,8.74200317355615
536.4845225168552,0.023778109798731347,-0.0007666895034458877,-0.03228877230038889,0.023770312187457864,-0.0803154222403901,-2.7901721206417547e-05,6.76843104867727e-05,-0.0018253283543296145,7743.248750985398,-521.2772980815275,3528.761970433947,8.742071270892087
536.4845334564965,0.023778020491910478,-0.0007667460739397932,-0.032291168447659134,0.023770600192390287,-0.08037632603646497,-3.117362425371661e-05,6.752892475006235e-05,-0.001825579924264301,7761.073880544288,-522.712540746215,3528.7616134128452,8.742125529521399
536.4845446138902,0.023777929777259885,-0.0007668024329723096,-0.03229360061507558,0.023770882706452955,-0.08043723513056472,-3.388279203155506e-05,6.737440149600553e-05,-0.0018258173658317093,7778.898923018984,-524.1488691667096,3528.7612630683584,8.742166153233823
536.4845558225372,0.023777837744028932,-0.0007668583020476355,-0.03229607285239697,0.023771159727158316,-0.0804981507021137,-3.4128080787227605e-05,6.722086412466169e-05,-0.00182597536411559,7796.72387834065,-525.5862833826172,3528.7609193281887,8.742193574376177
536.4845669161773,0.02377774450207718,-0.0007669135466913261,-0.032298566861447345,0.02377143127908342,-0.08055907325854661,-3.0433070439239976e-05,6.706840547034869e-05,-0.0018259999787255475,7814.548746434343,-527.0247834352141,3528.7605821189395,8.742208417827047
536.4845777533812,0.023777650222580833,-0.000766969457592568,-0.03230095335828924,0.023771697579416766,-0.08061999700100934,-2.855634747930274e-05,6.691708204704628e-05,-0.0018260714952159428,7832.373527219818,-528.464369466686,3528.7602513628435,8.742211147709762
536.4845881947457,0.02377755493815719,-0.000767025605273719,-0.03230330411867303,0.023771958609408454,-0.08068092395279121,-2.73712248486649e-05,6.67671868498387e-05,-0.0018261616145968183,7850.198220615617,-529.9050415453307,3528.7599269839397,8.742202455889865
536.4845981092174,0.023777458704026727,-0.0007670816406858647,-0.0323056679435245,0.0237722143704832,-0.0807418557291251,-2.5699310394645532e-05,6.661895647505394e-05,-0.0018262367978973387,7868.022826534894,-531.3467997326165,3528.759608905791,8.742183203646972
536.484607378443,0.023777361634377686,-0.0007671378307273777,-0.032308015172036846,0.023772464957775543,-0.08080279112431991,-2.4649670449379446e-05,6.64725166809351e-05,-0.001826331052925339,7885.847344884705,-532.7896441112346,3528.759297050523,8.742154359285815
536.4846158968019,0.023777263843757744,-0.0007671944703791693,-0.03231031640248561,0.02377271047505018,-0.0808637288161425,-2.554149369964139e-05,6.632799322812299e-05,-0.0018264857124734252,7903.67177556784,-534.2335747672855,3528.7589913394972,8.742116985594222
536.4846235702161,0.023777165369037897,-0.0007672509484736098,-0.032312650907247054,0.023772950902014926,-0.0809246716113594,-2.6143307902796518e-05,6.618563344811755e-05,-0.0018266352931301673,7921.496118487,-535.6785917499908,3528.7586916948494,8.74207221402746
536.4846303184855,0.023777066333310413,-0.0007673074452472715,-0.032314983915803286,0.023773186338441745,-0.08098561865079403,-2.679830357534361e-05,6.604549756356611e-05,-0.0018267864786369787,7939.320373540326,-537.124695126535,3528.7583980376103,8.742021238445886
536.4846360778098,0.023776966834970856,-0.000767363981689524,-0.03231731100482954,0.02377341686350559,-0.0810465698361438,-2.7535539207539116e-05,6.590769172570054e-05,-0.0018269396132320438,7957.144540623755,-538.5718849655818,3528.758110288422,8.741965275613959
536.4846408008406,0.02377686694269344,-0.0007674203707342818,-0.03231966478542391,0.02377364252868196,-0.0811075260549884,-2.7901634326450865e-05,6.577237764341622e-05,-0.0018270838688423635,7974.96861963118,-540.0201613359062,3528.7578283675925,8.74190556339734
536.4846444563422,0.023776766758848003,-0.0007674766545846388,-0.032322033239912625,0.023773863423658614,-0.08116848709660535,-2.7870027111626975e-05,6.56396116477365e-05,-0.0018272165213925977,7992.79261045595,-541.4695243031598,3528.757552195427,8.741843321679584
536.4846470249396,0.02377666638974115,-0.0007675329579319677,-0.032324397468143445,0.02377407965279692,-0.08122945238389748,-2.782036813576448e-05,6.550943852580872e-05,-0.0018273478998628565,8010.61651298882,-542.9199739383054,3528.7572816916636,8.741779807714673
536.4846485014473,0.023776565915093986,-0.0007675892433038181,-0.03232676943891755,0.023774291297610006,-0.08129042211441422,-2.781146400867769e-05,6.538194982318777e-05,-0.001827481839306436,8028.440327120017,-544.3715103139324,3528.7570167759077,8.741716252918442
536.4846488962016,0.023776465417790577,-0.0007676454950022243,-0.03232915340476358,0.02377449844461895,-0.08135139637044526,-2.784705144942537e-05,6.525719952952181e-05,-0.0018276191073455246,8046.264052740937,-545.8241334999215,3528.7567573680203,8.741653815560797
536.4846482350621,0.023776364983877932,-0.0007677017191037054,-0.032331545901937625,0.02377470118535279,-0.08141237511902058,-2.7875797286310733e-05,6.513520407855228e-05,-0.0018277574041712056,8064.087689744145,-547.2778435634445,3528.7565033881215,8.741593580765722
536.4846465594102,0.023776264702566028,-0.0007677579434592652,-0.032333935750423246,0.02377489961634851,-0.0814733582119104,-2.7791298456881437e-05,6.501594234811386e-05,-0.0018278913625434541,8081.911238023383,-548.7326405689652,3528.7562547565876,8.74153656051128
536.4846439237687,0.023776164662985044,-0.0007678142659599573,-0.03233630566516716,0.023775093843737393,-0.0815343451889297,-2.782477212926197e-05,6.489937454621699e-05,-0.0018280264064199328,8099.734697473713,-550.1885245855708,3528.7560113938916,8.741483675499579
536.4846403872064,0.023776064929637172,-0.0007678707725799719,-0.03233866070121647,0.023775283966704402,-0.0815953357096475,-2.8736382963287124e-05,6.478552303860273e-05,-0.0018281896534395451,8117.558067991455,-551.6454956971096,3528.7557732203113,8.741435753625062
536.4846360224259,0.02377596555801475,-0.000767927236607838,-0.03234102225117689,0.0237754700463568,-0.08165633079173573,-2.947925777405119e-05,6.467437199899371e-05,-0.001828348011962981,8135.381349474234,-553.1035539595056,3528.755540157062,8.74139361779781
536.4846309092364,0.02377586660573895,-0.0007679835167144389,-0.0323434014987052,0.02377565215368946,-0.08171733106388494,-2.93418457755286e-05,6.456588094044051e-05,-0.0018284784861205656,8153.204541822727,-554.5626994324425,3528.755312125818,8.741357962284859
536.4846251337227,0.02377576813230699,-0.0007680395873579406,-0.032345798560608666,0.023775830372968716,-0.08177833663602632,-2.8143749072051974e-05,6.445998989100646e-05,-0.0018285748376815375,8171.027644940764,-556.0229321826289,3528.7550890486473,8.741329342771015
536.4846187882448,0.0237756701990921,-0.0007680955387837912,-0.03234820248684504,0.023776004801732392,-0.08183934709933165,-2.623572265831207e-05,6.435661939376759e-05,-0.0018286475860540478,8188.850658735335,-557.484252283798,3528.7548708480135,8.741308176358872
536.4846119714379,0.023775572869343543,-0.0007681515770247216,-0.03235059126052259,0.023776175550789765,-0.0819003615262133,-2.449967441935783e-05,6.425567050681264e-05,-0.0018287240082851613,8206.673583116584,-558.9466598167072,3528.754657446776,8.7412947415688
536.4846047882127,0.023775476208186617,-0.0007682080239007448,-0.032352931797900046,0.02377634274422158,-0.0819613784703243,-2.434866513059635e-05,6.415702480324311e-05,-0.0018288481390608554,8224.496417997814,-560.410154869139,3528.754448768187,8.741289178338947
536.4845973446945,0.023775380231634398,-0.0007682647520126193,-0.03235525120853829,0.023776506438726166,-0.08202239855132334,-2.561046566472805e-05,6.406064329617453e-05,-0.0018290180735552196,8242.319163296375,-561.8747375155432,3528.754244736574,8.74129152729224
536.4845897389698,0.023775284913204863,-0.0007683210587408532,-0.03235763522798295,0.023776666609043734,-0.0820834249767801,-2.5574683796501707e-05,6.396654067010542e-05,-0.0018291526905112306,8260.141818933394,-563.3404077998152,3528.754045277867,8.741301809369524
536.4845820743643,0.023775190347372965,-0.000768377522354958,-0.032359998344065964,0.023776823411320026,-0.08214445506409772,-2.606185751541113e-05,6.387447712643537e-05,-0.0018293022874714768,8277.964384831032,-564.8071658052497,3528.7538503174,8.741319891937481
536.4845744500379,0.023775096581184218,-0.0007684343443181361,-0.03236231127975427,0.023776976942423703,-0.08220548788153119,-2.7721022138046067e-05,6.378430215246793e-05,-0.0018294849770487552,8295.78686091562,-566.2750116081957,3528.753659781575,8.741345536474313
536.4845669604476,0.02377500360692501,-0.0007684912728296388,-0.03236461105606159,0.023777127228943217,-0.08226652459927303,-2.9754874570941105e-05,6.369596910550817e-05,-0.001829678666664876,8313.609247117793,-567.7439452756062,3528.753473597945,8.74137840228886
536.4845596953219,0.02377491136447273,-0.000768547622265853,-0.03236699794644162,0.023777274230075796,-0.08232756839866343,-2.997624208927434e-05,6.360953008766795e-05,-0.0018298225596676597,8331.431543372457,-569.2139668653097,3528.753291695204,8.741418046946416
536.4845527383764,0.023774819927534434,-0.0007686038579787972,-0.03236939311862485,0.02377741807233492,-0.0823886170896477,-2.957421639175187e-05,6.352473724321175e-05,-0.0018299460598995548,8349.253749615553,-570.6850764522771,3528.753114002238,8.741463964147368
536.4845461692271,0.023774729326273846,-0.0007686602164216272,-0.032371767074286635,0.023777558842962128,-0.08244966959311617,-2.9444175247124265e-05,6.34414482273411e-05,-0.0018300757890472058,8367.075865784976,-572.1572741182099,3528.7529404483835,8.74151557660217
536.4845400595323,0.023774639521630548,-0.0007687163719105498,-0.03237417652078465,0.023777696542661222,-0.08251072744929024,-2.8797417892476956e-05,6.335966763556008e-05,-0.0018301929068945796,8384.897891821922,-573.630559935869,3528.752770964101,8.741572245038194
536.4845344711247,0.02377455051355829,-0.0007687723044748634,-0.03237662482408171,0.023777831215069614,-0.08257179075365763,-2.7582993966433216e-05,6.32793069700698e-05,-0.0018302961515559686,8402.719827669633,-575.1049339785583,3528.75260548068,8.741633288066636
536.4845294560123,0.023774462341024986,-0.0007688282998569579,-0.032379062008745796,0.02377796294675833,-0.0826328581569724,-2.6487703509154166e-05,6.320018463976843e-05,-0.0018304018394759913,8420.541673273414,-576.5803963201249,3528.7524439302388,8.741697982182508
536.4845250563618,0.023774375051165583,-0.0007688847365740282,-0.03238142410016768,0.023778091834807957,-0.08269392787834771,-2.64824517501103e-05,6.312210282126117e-05,-0.0018305340382031598,8438.363428580255,-578.0569470362722,3528.752286245642,8.741765570019151
536.4845213063487,0.023774288557672083,-0.000768941057713178,-0.03238381493734756,0.02377821783189487,-0.08275500257166753,-2.6407069138523384e-05,6.304518952027837e-05,-0.0018306680988593193,8456.185093537626,-579.5345862050398,3528.7521323602814,8.741835293329725
536.4845182328903,0.02377420288264578,-0.0007689974127349135,-0.032386199366250944,0.023778340997628884,-0.08281608150360162,-2.6372468926635634e-05,6.296929500286006e-05,-0.0018308025923901231,8474.00666809571,-581.0133138941177,3528.7519822087693,8.741906353055318
536.4845158525387,0.02377411804642775,-0.0007690539670353006,-0.03238854293789378,0.023778461391515366,-0.08287716387638154,-2.662395273656684e-05,6.289428547446191e-05,-0.0018309408556734627,8491.82815220473,-582.4931301737676,3528.7518357263552,8.741977969254462
536.4845141712548,0.023774034041664515,-0.0007691107280747147,-0.032390844899343726,0.023778579046328383,-0.08293824965773101,-2.7194668822882166e-05,6.282010898158789e-05,-0.001831083925212344,8509.649545814556,-583.974035118516,3528.7516928488308,8.74204938956849
536.4845131844074,0.02377395083330805,-0.0007691675453778417,-0.032393138193720146,0.02377869396811072,-0.08299933958086599,-2.7905612072592172e-05,6.274679541179032e-05,-0.0018312305371348879,8527.470848874726,-585.4560288071542,3528.7515535125326,8.742119889221541
536.4845128767967,0.023773868359416358,-0.0007692241137605377,-0.03239548851904368,0.023778806136741045,-0.08306043512806424,-2.8362999400375747e-05,6.267445418377206e-05,-0.0018313768949576583,8545.292061334436,-586.939111322469,3528.7514176543514,8.742188771325134
536.4845132269489,0.023773786656845663,-0.0007692805487851934,-0.03239784435927646,0.023778915603558527,-0.08312153565648765,-2.79822142973713e-05,6.260292050876549e-05,-0.0018314949961862714,8563.11318314403,-588.4232827161251,3528.7512852129744,8.742255402823508
536.4845142070616,0.02377370574100893,-0.0007693370571109439,-0.03240017385614486,0.023779022425947528,-0.08318264020405049,-2.7377268153473485e-05,6.253212342506798e-05,-0.0018316013521118893,8580.934214252115,-589.9085430655124,3528.751156126799,8.742319153458052
536.484515781445,0.023773625562380562,-0.0007693935653672718,-0.032402522987388105,0.023779126612838708,-0.08324374922252813,-2.728423130233968e-05,6.246218753790511e-05,-0.001831728386347155,8598.755154605038,-591.3948924685235,3528.7510303340864,8.742379430857499
536.4845179084829,0.0237735460913882,-0.0007694500123986643,-0.032404917464526485,0.02377922817871798,-0.08330486304928911,-2.7969297983076103e-05,6.239318181419904e-05,-0.001831889187895749,8616.576004148235,-592.8823310098813,3528.7509077741665,8.742435723626242
536.4845205406323,0.02377346731841274,-0.000769506349264614,-0.03240736273286142,0.023779327143626527,-0.08336598190729504,-2.9228786340237843e-05,6.232511958256847e-05,-0.0018320775111523926,8634.396762826227,-594.3708587611388,3528.7507883874364,8.742487601344328
536.4845236244237,0.023773389253788337,-0.0007695625392396183,-0.03240984397147543,0.023779423533160777,-0.08342710590510066,-3.0389138423828823e-05,6.225795853332861e-05,-0.001832267775902845,8652.217430582614,-595.8604757806792,3528.75067211536,8.742534714567464
536.4845271004607,0.023773311927802382,-0.0007696185578131802,-0.032412326093232136,0.023779517378472417,-0.0834882350368538,-3.030692018930183e-05,6.219160071849124e-05,-0.0018324150673239045,8670.038007360085,-597.3511821137157,3528.75055890047,8.742576794827018
536.4845309047736,0.023773235387482567,-0.0007696745331351235,-0.03241475338174824,0.023779608733403474,-0.08354936859428663,-2.8372246774757654e-05,6.212592553831384e-05,-0.0018324898765182348,8687.858493099058,-598.8429778098125,3528.750448685703,8.74261364711229
536.4845349770775,0.023773159630877512,-0.0007697309783880348,-0.032417113503645664,0.023779697691753244,-0.08361050439599012,-2.794796877208457e-05,6.20610520456546e-05,-0.0018326069640188186,8705.678887732112,-600.3358629983745,3528.75034141151,8.7426451022183
536.4845392529149,0.023773084615244935,-0.0007697874712879557,-0.032419464681065414,0.02377978422261797,-0.08367164439036143,-2.758939845472817e-05,6.199710301049453e-05,-0.0018327249703808358,8723.49919119527,-601.8298377409935,3528.7502370214024,8.742671075222317
536.4845436675657,0.023773010325428796,-0.0007698437970315343,-0.032421831802349664,0.023779868327604946,-0.08373278955458668,-2.6431179134914382e-05,6.19341469796218e-05,-0.0018328176232182776,8741.319403421938,-603.3249021013679,3528.7501354593364,8.742691559957489
536.4845481571075,0.023772936776749992,-0.0007699001177028612,-0.03242419875417639,0.02377995006276129,-0.08379393916275736,-2.5198566898718274e-05,6.187221473831523e-05,-0.0018329076540301965,8759.139524341652,-604.8210561612318,3528.7500366691143,8.742706623913557
536.4845526585613,0.02377286400413797,-0.0007699568555556978,-0.0324265232082522,0.023780029521835104,-0.08385509131983922,-2.5772374247050986e-05,6.181131853900552e-05,-0.0018330539309378063,8776.959553880446,-606.3183000162197,3528.7499405945323,8.742716406784288
536.484557111117,0.023772791959071275,-0.0007700134617079779,-0.03242887986155003,0.023780106661731675,-0.08391624855488956,-2.6248222170035946e-05,6.17516125356982e-05,-0.0018332016263525042,8794.779491965828,-607.8166337230922,3528.7498471813283,8.742721100416158
536.4845614552969,0.023772720670630642,-0.0007700700332600761,-0.03243124383781286,0.023780181536336507,-0.08397741038628284,-2.6641204545240383e-05,6.16930857088322e-05,-0.0018333475309752925,8812.599338522521,-609.316057348616,3528.749756375439,8.742720955335095
536.4845656358176,0.02377265017050033,-0.0007701267440467314,-0.032433586755793414,0.023780254211074082,-0.08403857600079301,-2.742368795603938e-05,6.163573355877773e-05,-0.0018335037660692356,8830.419093472732,-610.8165709666084,3528.749668123061,8.742716272611574
536.4845696021841,0.023772580459108485,-0.0007701835088895951,-0.03243592210320086,0.023780324714304822,-0.08409974579846709,-2.8352022423807344e-05,6.157962274387646e-05,-0.0018336639069181538,8848.238756737037,-612.3181746480806,3528.7495823709964,8.742707400067468
536.4845733087451,0.02377251150944779,-0.0007702400119768587,-0.03243830033142839,0.023780393041610143,-0.08416092125870107,-2.8536245028575727e-05,6.152488190917771e-05,-0.0018338046638029107,8866.058328234418,-613.8208684613043,3528.7494990666596,8.74269473142885
536.484576715322,0.023772443374907866,-0.0007702965367842516,-0.03244066965194568,0.02378045928023886,-0.08422210103706596,-2.8595364751644175e-05,6.147144859985204e-05,-0.0018339397303880288,8883.877807882447,-615.3246524767904,3528.7494181579946,8.742678684302282
536.4845797844696,0.02377237606704554,-0.0007703531066725257,-0.032443031330159,0.023780523477748408,-0.08428328504189037,-2.8732529901818184e-05,6.141937003764641e-05,-0.0018340763411771718,8901.697195596738,-616.8295267701757,3528.749339593284,8.74265971792839
536.484582484537,0.023772309571872544,-0.0007704095439590133,-0.03244541992402906,0.023780585652571674,-0.08434447412568873,-2.86170283374251e-05,6.136874871777648e-05,-0.0018342082142268434,8919.516491291994,-618.3354914155284,3528.749263321434,8.742638309135192
536.4845847907959,0.02377224389621223,-0.0007704658026443828,-0.03244784402748182,0.023780645844582785,-0.08440566850956763,-2.815339478242504e-05,6.1319628541911e-05,-0.0018343333288558675,8937.335694882337,-619.8425464848694,3528.7491892920357,8.74261493976002
536.4845866854413,0.023772179067699562,-0.0007705219684126406,-0.03245028627040846,0.02378070411509712,-0.08446686778322576,-2.748141082641088e-05,6.127199481817179e-05,-0.001834453925645389,8955.15480628132,-621.3506920481717,3528.749117455367,8.74259009664954
536.4845881575911,0.023772115134781113,-0.0007705782586311294,-0.032452703318665406,0.023780760546871293,-0.08452807090495394,-2.6976104924608248e-05,6.122577426113373e-05,-0.0018345765064388727,8972.973825401925,-622.8599281733606,3528.7490477623905,8.742564271659733
536.4845892027703,0.023772052113397446,-0.0007706347419906252,-0.03245509039028839,0.023780815198280892,-0.08458927757474761,-2.7001454330361226e-05,6.118097791408744e-05,-0.0018347129751323538,8990.792752156178,-624.3702549372754,3528.748980164356,8.742537944923
536.4845898200621,0.023771989943360543,-0.0007706910179063482,-0.03245753644402871,0.0237808680540391,-0.08465048974646468,-2.711678893755535e-05,6.113780515179722e-05,-0.0018348614002969494,9008.611586455741,-625.8816724248279,3528.748914612861,8.74251157582622
536.4845900134441,0.023771928693617137,-0.0007707473084293595,-0.032459974860115176,0.02378091920266767,-0.08471170628607155,-2.7089749934347373e-05,6.109609326549633e-05,-0.00183500372726558,9026.430328213934,-627.3941806877689,3528.7488510613916,8.742485648404028
536.4845897923915,0.023771868415430396,-0.0007708037853938468,-0.03246235810302524,0.02378096872278753,-0.08477292632895136,-2.685124448221081e-05,6.105572385492347e-05,-0.0018351304267129939,9044.248977344127,-628.9077797852989,3528.7487894638525,8.742460608789417
536.4845891718529,0.023771809133402287,-0.0007708605259480282,-0.03246466850571899,0.02378101667575086,-0.08483414949941949,-2.647155617319621e-05,6.10166472595842e-05,-0.0018352412845738457,9062.067533759666,-630.4224697862045,3528.748729774493,8.742436862049127
536.4845881722495,0.02377175084547355,-0.0007709175125541535,-0.03246691826963916,0.02378106310564104,-0.08489537591072359,-2.6160345029931163e-05,6.0978882558750987e-05,-0.0018353454020426955,9079.88599737387,-631.9382507688578,3528.7486719479034,8.742414772183638
536.4845868194752,0.023771693522923718,-0.0007709746329885032,-0.03246914946471112,0.023781108039272678,-0.08495660616504357,-2.62666475056203e-05,6.0942517571463166e-05,-0.0018354611955740088,9097.704368100034,-633.4551228212171,3528.7486159390173,8.742394662127168
536.4845851448974,0.023771637110371113,-0.0007710316803413888,-0.032471434029342876,0.0237811514861916,-0.08501784135349164,-2.7278876484045294e-05,6.090770885652695e-05,-0.0018356163968821573,9115.52264585142,-634.973086040826,3528.7485617031107,8.74237681374768
536.4845831824339,0.023771581575816585,-0.0007710883244333159,-0.03247382030935353,0.023781193444150004,-0.08507908300837988,-2.8146560830629998e-05,6.087449941398098e-05,-0.0018357818341686101,9133.340830544974,-636.492140492775,3528.748509197424,8.74236147245125
536.4845809641187,0.023771526993032307,-0.0007711446628207076,-0.032476229639674455,0.02378123398347175,-0.08514033047779505,-2.740781637916532e-05,6.084261910562446e-05,-0.0018358950094979143,9151.158922101735,-638.0122862050534,3528.748458381398,8.742348858166013
536.4845785273677,0.02377147337689008,-0.0007712011135267146,-0.032478637182628854,0.023781273203133883,-0.08520158193916896,-2.7394845738967566e-05,6.081205151946325e-05,-0.0018360330681101268,9168.976920436964,-639.5335232849952,3528.748409212191,8.742339142562777
536.4845759107681,0.02377142072843948,-0.0007712578060272368,-0.0324810386502813,0.023781311161919193,-0.08526283683965194,-2.8924054459087443e-05,6.078277216395096e-05,-0.0018362236764851722,9186.794825469235,-641.055851818357,3528.7483616485374,8.742332446352597
536.4845731538903,0.0237713690377813,-0.0007713145698557474,-0.032483447484407686,0.023781347877498363,-0.08532409593490384,-3.113619385659041e-05,6.075473636618833e-05,-0.001836439055871452,9204.61263712074,-642.5792718658508,3528.748315650881,8.742328839455714
536.484570297289,0.023771318284067523,-0.0007713709346032921,-0.032485894856495265,0.023781383326429956,-0.08538536128909414,-3.149636101655661e-05,6.072787927192326e-05,-0.0018365959822858441,9222.430355317296,-644.103783463144,3528.7482711813727,8.742328341001572
536.4845673813187,0.023771268512860735,-0.0007714271871453204,-0.03248831866573084,0.023781417591824762,-0.08544663151096625,-3.0364398249761405e-05,6.0702016532299715e-05,-0.0018366976144425424,9240.247979983562,-645.6293866747757,3528.7482282018827,8.742330927079136
536.4845644456885,0.023771219755241192,-0.0007714839976573135,-0.03249066125607075,0.02378145080098888,-0.0855079036216126,-3.098789108502742e-05,6.06770748926142e-05,-0.0018368479149536523,9258.065511040704,-647.1560816170718,3528.7481866730595,8.742336543788593
536.4845615302211,0.023771171906426632,-0.000771540477591823,-0.0324930508887081,0.02378148285793294,-0.0855691817353309,-3.0489093871458867e-05,6.0653201519808446e-05,-0.0018369663411085004,9275.882948416654,-648.6838683429905,3528.748146558605,8.742345093943038
536.4845586722947,0.023771124927511857,-0.0007715963451697049,-0.032495527207128914,0.02378151375393635,-0.08563046715443896,-2.7927224178815982e-05,6.063040374287201e-05,-0.0018370262188449533,9293.700292039533,-650.2127469186671,3528.7481078225183,8.742356443532499
536.4845559068038,0.023771078848521802,-0.0007716519618730852,-0.03249803698813743,0.02378154357271625,-0.08569175820353107,-2.4444725562904136e-05,6.060854423425266e-05,-0.0018370591770067984,9311.517541837502,-651.7427174249755,3528.7480704290397,8.742370421898592
536.4845532661589,0.023771033768411536,-0.0007717083324453599,-0.032500434141856105,0.023781572490427484,-0.08575305022947799,-2.3267267565573836e-05,6.058734100985634e-05,-0.0018371551473437447,9329.334697738772,-653.2737799575277,3528.748034342652,8.74238682173452
536.4845507801513,0.02377098964461436,-0.0007717653068891316,-0.032502754672060034,0.023781600509516682,-0.08581434397244411,-2.430455621140852e-05,6.0566825468282096e-05,-0.0018373164016671321,9347.151759673805,-654.8059345968924,3528.7479995290346,8.742405411421867
536.4845484765501,0.023770946350526508,-0.0007718218716951321,-0.032505147197709694,0.023781627506575566,-0.08587564413218941,-2.4337831283434074e-05,6.054718500880449e-05,-0.0018374536271316645,9364.968727576175,-656.3391813954554,3528.7479659555647,8.742425942271671
536.4845463800026,0.02377090396891545,-0.0007718787535514542,-0.032507487339035086,0.023781653615555197,-0.08593694728507384,-2.5184472693459978e-05,6.052814314059476e-05,-0.001837611178809387,9382.785601378408,-657.8735204295626,3528.7479335895564,8.742448140313394
536.4845445110495,0.02377086250780052,-0.000771936128446474,-0.03250974527404077,0.02378167888546448,-0.08599825260358261,-2.7293035646192576e-05,6.050960114404413e-05,-0.0018378001356880796,9400.602381013801,-659.408951773962,3528.7479023990145,8.742471721529027
536.4845428861221,0.023770821898661944,-0.0007719936067889022,-0.032511988066947384,0.023781703278157686,-0.08605956192576847,-2.9700025543513506e-05,6.0491642039223396e-05,-0.0018379971511960093,9418.419066416443,-660.9454755015951,3528.7478723526397,8.742496391947942
536.4845415175589,0.023770782004888,-0.0007720502925369142,-0.03251436900687431,0.02378172667739725,-0.08612087947491348,-3.01628582428633e-05,6.047451014993236e-05,-0.0018381474638886526,9436.23565752121,-662.4830916834102,3528.747843419838,8.742521848057908
536.4845404144979,0.023770742902554376,-0.0007721067983522772,-0.032516771872193366,0.023781749196382224,-0.08618220232919012,-2.990077794926613e-05,6.045793969903927e-05,-0.0018382759118296664,9454.052154263409,-664.0218003874622,3528.7478155708654,8.742547788797541
536.4845395829051,0.023770704600902783,-0.0007721633678427533,-0.0325191618441587,0.023781770887993818,-0.0862435293628568,-2.971243114745045e-05,6.04418447594728e-05,-0.0018384049642011916,9471.868556577743,-665.5616016937104,3528.747788776137,8.742573906912435
536.4845390248221,0.02377066703856453,-0.0007722197305157531,-0.03252159387885205,0.02378179172598147,-0.08630486187847007,-2.915994787914509e-05,6.042631121412449e-05,-0.0018385276843329223,9489.684864399029,-667.1024956816564,3528.747763006642,8.742599902896742
536.4845387384456,0.02377063019734955,-0.0007722758762326355,-0.03252406972903558,0.02378181172427952,-0.0863661999246867,-2.821842418671747e-05,6.041131812949865e-05,-0.0018386434716869194,9507.501077662386,-668.6444824254897,3528.7477382341613,8.742625492250813
536.4845387181285,0.02377059410224642,-0.0007723320552087074,-0.03252653794415189,0.023781830937007215,-0.08642754229626387,-2.7275922113173577e-05,6.0396737755712365e-05,-0.0018387580618576106,9525.317196303233,-670.187561994088,3528.74771443127,8.742650405481195
536.4845389545645,0.02377055879620616,-0.0007723886457399411,-0.0325289246455125,0.023781849437087513,-0.08648888718280301,-2.702678178800603e-05,6.038240428617395e-05,-0.0018388844453908787,9543.133220256756,-671.7317344564052,3528.7476915711086,8.74267438975127
536.4845394361872,0.023770524190458872,-0.0007724452797927089,-0.032531318301021114,0.023781867177994978,-0.08655023639903886,-2.7252234922080276e-05,6.036850566809817e-05,-0.0018390283124694255,9560.949149455762,-673.276999903694,3528.747669626423,8.742697211855006
536.4845401484271,0.023770490278088096,-0.0007725019165992642,-0.03253371040652681,0.023781884169168648,-0.08661159008954114,-2.7423845268687643e-05,6.0354993168034994e-05,-0.0018391700625338596,9578.764983835517,-674.8233583989077,3528.7476485716484,8.742718646543237
536.4845410743789,0.023770457062846827,-0.0007725586071219522,-0.03253607934824947,0.023781900433392258,-0.08667294797471144,-2.7313857726918554e-05,6.0341801185985486e-05,-0.0018392985543064753,9596.5807233304,-676.3708100071345,3528.7476283816236,8.742738497014054
536.4845421949755,0.023770424534442038,-0.0007726153753737913,-0.03253842032007436,0.02378191598724144,-0.08673430994005588,-2.6962948882442804e-05,6.032891668047206e-05,-0.0018394144771450608,9614.396367873234,-677.9193548020852,3528.7476090313166,8.742756597620952
536.4845434889879,0.023770392668534687,-0.000772672218418473,-0.0325407453235522,0.023781930841083702,-0.08679567603618511,-2.6680227007509553e-05,6.031637916853852e-05,-0.0018395303510428966,9632.21191739529,-679.468992866093,3528.747590495827,8.742772813872843
536.4845449330255,0.02377036142673973,-0.0007727291063703622,-0.03254308316789909,0.02378194499907844,-0.08685704647881431,-2.7043232060947358e-05,6.030428072575006e-05,-0.0018396705266287559,9650.02737182629,-681.0197242901144,3528.7475727503834,8.742787042434042
536.484546502947,0.023770330771088904,-0.00077278579826216,-0.03254546851286676,0.02378195843886655,-0.0869184223837361,-2.726802745110229e-05,6.029268107251955e-05,-0.0018398130210679731,9667.84273109715,-682.5715491425688,3528.7475557715084,8.742799206527124
536.4845481743847,0.023770300714759638,-0.0007728422955541916,-0.03254787497524215,0.023781971178289507,-0.08697980366331279,-2.663836970461689e-05,6.0281499297300046e-05,-0.001839929038220311,9685.657995139398,-684.1244674786237,3528.7475395367164,8.742809247174769
536.484549921384,0.023770271272262337,-0.0007728989434235278,-0.03255026672402662,0.023781983278723558,-0.08704118876453834,-2.6657138138350265e-05,6.0270713467492596e-05,-0.001840065315881597,9703.47316388055,-685.6784793900675,3528.747524022586,8.742817135050974
536.4845517184662,0.02377024244096845,-0.0007729558520595257,-0.032552633571455644,0.023781994768997176,-0.0871025771961845,-2.7838363304550316e-05,6.026032832787199e-05,-0.0018402381501409274,9721.288237248144,-687.2335849573368,3528.7475092065006,8.742822870720232
536.4845535406481,0.02377021420113145,-0.0007730128924994516,-0.032554991058080976,0.023782005644872938,-0.08716396954646316,-2.9679531599200954e-05,6.025037450402846e-05,-0.0018404324477652887,9739.103215169773,-688.7897842490515,3528.747495066667,8.742826484604171
536.4845553634423,0.02377018651588684,-0.0007730696966284815,-0.032557380452770644,0.023782015869047487,-0.08722536748302633,-3.0661585262022056e-05,6.024090850236763e-05,-0.0018406017261995585,9756.918097573092,-690.3470773220145,3528.747481582113,8.742828036981555
536.4845571630858,0.023770159376632172,-0.0007731261191619548,-0.032559807607344365,0.02378202543800025,-0.08728677163206096,-2.9897438589371285e-05,6.023192620406619e-05,-0.001840716102529131,9774.732884384639,-691.905464235686,3528.7474687321733,8.742827614151416
536.4845589168917,0.023770132866818863,-0.000773183073033113,-0.032562151829347324,0.023782034499185034,-0.08734817780378955,-3.0648364588446336e-05,6.022327091683455e-05,-0.0018408705546027332,9792.547575526747,-693.464945092356,3528.747456495045,8.742825313249284
536.4845606026892,0.023770106898543204,-0.0007732398746193439,-0.03256451990114225,0.023782042966386824,-0.08740958918848396,-3.0923758155095204e-05,6.02151383328607e-05,-0.0018410120797949562,9810.362170924278,-695.0255199558825,3528.747444850662,8.742821257130133
536.4845622004061,0.023770081420972915,-0.0007732961254155137,-0.03256697181156008,0.023782050796788058,-0.0874710076392246,-2.9500967241977378e-05,6.020763984339029e-05,-0.0018411072832092857,9828.176670501192,-696.5871888924944,3528.747433779254,8.742815584951346
536.4845636921938,0.023770056441930712,-0.0007733519201549529,-0.03256949199339886,0.023782058021314653,-0.0875324327126447,-2.6634428814599046e-05,6.0200759511219935e-05,-0.0018411626517596746,9845.991074180076,-698.149951976435,3528.747423261146,8.742808450823228
536.4845650624268,0.023770032027894326,-0.0007734078468094565,-0.032571989323423735,0.02378206474463599,-0.08759386166893049,-2.4055668851313032e-05,6.019435407069724e-05,-0.0018412245541705437,9863.805381882145,-699.7138092899627,3528.7474132767575,8.742800023808998
536.4845662977013,0.02377000827853409,-0.0007734647869244652,-0.03257432977685414,0.023782071115116474,-0.0876552904078891,-2.443237106403027e-05,6.018821087712247e-05,-0.001841365383752231,9881.619593527434,-701.2787609215783,3528.7474038066553,8.742790486948941
536.4845673865026,0.023769985018666714,-0.0007735214239513963,-0.03257673341089069,0.023782076951602914,-0.08771672511755904,-2.4328180716754134e-05,6.018273621644377e-05,-0.0018414990032774544,9899.433709037852,-702.8448069363559,3528.7473948325214,8.74278002371672
536.4845683190636,0.023769962289584258,-0.0007735780167826404,-0.03257914606750233,0.02378208231307238,-0.08777816454834152,-2.411887019057418e-05,6.017782274473354e-05,-0.0018416303157604646,9917.24772833462,-704.4119474014382,3528.747386336464,8.742768828918212
536.4845690881693,0.023769940169522934,-0.0007736351474454485,-0.0325814654559914,0.02378208730644774,-0.08783960595040989,-2.518555755511123e-05,6.017328295558637e-05,-0.001841791862975854,9935.061651338143,-705.9801823902202,3528.7473783007385,8.742757098392968
536.484569689248,0.02376991865941212,-0.0007736928458824933,-0.03258368713487322,0.023782091954393233,-0.08790104918577898,-2.762187103769372e-05,6.0169112581568626e-05,-0.0018419862251195871,9952.87547796865,-707.5495119766258,3528.7473707079016,8.742745024588594
536.4845701203707,0.023769897682874363,-0.0007737505899518687,-0.03258590451187605,0.02378209619531448,-0.08796249672830507,-3.023394902335764e-05,6.016549059421832e-05,-0.0018421860208090019,9970.689208146185,-709.1199362351076,3528.7473635408096,8.742732796560755
536.4845703822284,0.02376987709800261,-0.0007738073839855897,-0.0325882940793665,0.023782099895500602,-0.08802395328940829,-3.070047801503794e-05,6.016274999459923e-05,-0.00184233724093493,9988.502841790689,-710.6914552399679,3528.7473567826546,8.742720599726136
536.4845704772418,0.023769857028048885,-0.0007738640244137432,-0.03259069929962319,0.023782103197582647,-0.08808541505418054,-3.0455202756553045e-05,6.01605681838135e-05,-0.0018424661112187183,10006.316378823361,-712.2640690527504,3528.7473504176455,8.742708610262746
536.4845704096746,0.023769837492910176,-0.0007739207335232123,-0.03259309008118035,0.023782106152045644,-0.08814688100096534,-3.027287099749381e-05,6.015889664793643e-05,-0.0018425949815013701,10024.129819163712,-713.8377777533,3528.7473444296174,8.742697000772402
536.48457018587,0.02376981843190022,-0.0007739771742368597,-0.03259553759417338,0.023782108723307962,-0.08820835276100782,-2.9682197845050023e-05,6.015787972264747e-05,-0.001842718189747817,10041.943162731264,-715.4125814235512,3528.747338802649,8.742685931358858
536.4845698140658,0.023769799837674285,-0.0007740333188493598,-0.03259804699370504,0.023782110924688116,-0.0882698304670268,-2.8625381355052176e-05,6.015751805042125e-05,-0.001842834505171492,10059.756409446607,-716.9884801371467,3528.747333521537,8.742675545766264
536.4845693043936,0.0237697817562292,-0.0007740894490271987,-0.032600557419845536,0.023782112818404783,-0.08833131275321487,-2.7458102531971497e-05,6.015766858052757e-05,-0.0018429471282343324,10077.569559231399,-718.5654739594382,3528.747328571794,8.742665971379171
536.4845686687635,0.023769764269974812,-0.0007741460755288287,-0.03260296234004947,0.023782114502205434,-0.08839279715411903,-2.6930689046694415e-05,6.0158092097224983e-05,-0.0018430660902877996,10095.382612007987,-720.1435629519583,3528.747323939473,8.74265731904252
536.4845679195852,0.0237697472971249,-0.0007742028727265576,-0.032605353693917184,0.023782115936574325,-0.08845428531791732,-2.7226478724767317e-05,6.01589976284942e-05,-0.001843211546373919,10113.195567695835,-721.722747213195,3528.747319609519,8.742649684302942
536.4845670709658,0.023769730823168102,-0.0007742596700698438,-0.032607746548885604,0.023782117114114393,-0.0885157780049096,-2.7530369275245242e-05,6.0160375229353285e-05,-0.0018433574925316761,10131.008426217775,-723.3030268060205,3528.7473155686216,8.74264315168946
536.4845661377431,0.023769714863306264,-0.0007743164898032927,-0.032610118346842534,0.023782118056878507,-0.0885772750525014,-2.7381698716720778e-05,6.0162137211644496e-05,-0.001843484569105759,10148.82118749738,-724.8844017906976,3528.747311803955,8.742637786505988
536.4845651351169,0.0237696994170948,-0.0007743733577085076,-0.03261246270921774,0.023782118783780688,-0.08863877633381852,-2.6790895972977874e-05,6.016424976934382e-05,-0.0018435921804345484,10166.633851457731,-726.4668722396298,3528.7473083025975,8.742633633487989
536.4845640786492,0.0237696844684427,-0.0007744303031040898,-0.03261478943698292,0.02378211931059613,-0.08870028175770699,-2.6239480872991858e-05,6.016673297856096e-05,-0.0018436984948501183,10184.446418021409,-728.0504382373618,3528.747305051529,8.742630716802472
536.4845629842637,0.023769669985612522,-0.0007744873588456383,-0.032617124510651706,0.023782119649961173,-0.08876179126873311,-2.6680064150929417e-05,6.016966079753932e-05,-0.0018438404446782367,10202.258887110502,-729.6350998805792,3528.7473020376337,8.742629040047985
536.4845618678397,0.023769655930244025,-0.0007745442374791197,-0.03261950893829558,0.023782119772199132,-0.08882330619638214,-2.716878888600277e-05,6.0173075018846686e-05,-0.0018439914541314377,10220.071258650178,-731.2208572363236,3528.747299249263,8.742628592347819
536.4845607451409,0.02376964231780169,-0.0007746009180453039,-0.032621918437457556,0.0237821196909876,-0.08888482655302657,-2.688588746919543e-05,6.0176867028735186e-05,-0.0018441194521636325,10237.883532567124,-732.8077103584437,3528.7472966756427,8.742629351748464
536.4845596316276,0.023769629169780485,-0.0007746577505408544,-0.03262431203622198,0.023782119467344497,-0.08894635074931923,-2.722758840891611e-05,6.018096687358114e-05,-0.0018442667066467483,10255.695708785473,-734.3956593357557,3528.7472943050393,8.74263127782466
536.4845585418564,0.02376961648353878,-0.0007747148097046766,-0.03262668149072514,0.023782119122222094,-0.089007878447908,-2.8506061289449052e-05,6.0185343933782605e-05,-0.0018444428053800471,10273.507787230867,-735.9847042458547,3528.747292126466,8.742634315907356
536.4845574894795,0.023769604232280698,-0.0007747718940607552,-0.03262905132928283,0.023782118636382764,-0.08906941056757205,-2.9943728216809426e-05,6.019000682777487e-05,-0.0018446244654518914,10291.319767830455,-737.5748451550269,3528.747290129686,8.7426383970941
536.4845564872376,0.02376959236769732,-0.0007748285512602048,-0.032631475350654124,0.02378211795410442,-0.08913094916642778,-2.9759612482534675e-05,6.0194998195102144e-05,-0.0018447580020181029,10309.13165051284,-739.1660821189353,3528.7472883051864,8.742643438365503
536.4845555467027,0.02376958093976529,-0.000774885293963116,-0.03263387610451986,0.023782117159669942,-0.08919249186167262,-2.9518523974674387e-05,6.020016936223893e-05,-0.0018448860544286589,10326.94343520446,-740.7584152209503,3528.747286642785,8.742649349010511
536.4845546786943,0.023769569933051474,-0.0007749421521400934,-0.032636258890756754,0.023782116263326686,-0.08925403854516605,-2.9582698013748183e-05,6.020552520163481e-05,-0.0018450219791544939,10344.75512183223,-742.3518445429377,3528.7472851326406,8.742656028440107
536.4845538926987,0.02376955929523106,-0.0007749987802533864,-0.03263867830933251,0.023782115220242685,-0.08931559083128593,-2.896361584601511e-05,6.021114035952299e-05,-0.0018451396914746757,10362.566710324472,-743.9463701547633,3528.7472837656464,8.74266336871423
536.4845531965782,0.023769549013016658,-0.0007750551505267147,-0.0326411385016264,0.023782114032565724,-0.08937714884948482,-2.757504156031654e-05,6.021700337204694e-05,-0.0018452368224858285,10380.378200609402,-745.5419921302322,3528.7472825328614,8.74267125772137
536.4845525965712,0.023769539112158265,-0.0007751115529452681,-0.032643593150429244,0.023782112749423316,-0.08943871124428993,-2.623302208807615e-05,6.0223016665260435e-05,-0.001845334719102133,10398.189592615125,-747.1387105470886,3528.7472814255075,8.742679579178574
536.4845520973031,0.023769529638880394,-0.0007751684553085479,-0.03264596914309907,0.023782111445719865,-0.08950027583377815,-2.629817277553624e-05,6.0229039906029126e-05,-0.001845469590861868,10416.00088626968,-748.7365254863288,3528.7472804349854,8.74268821332742
536.4845517021522,0.023769520487751605,-0.0007752251574414861,-0.032648387255772536,0.02378211001949561,-0.08956184592029881,-2.604652687888021e-05,6.023528365854173e-05,-0.0018455997813264203,10433.81208150186,-750.3354370206555,3528.7472795531785,8.742697042936816
536.4845514133731,0.023769511681091128,-0.0007752818532060227,-0.03265080726473983,0.023782108505579286,-0.08962342056891924,-2.5768574955887033e-05,6.02416497070606e-05,-0.0018457293272935676,10451.623178240929,-751.9354452201137,3528.7472787724346,8.7427059459731
536.484551231689,0.023769503255532905,-0.0007753388639138377,-0.03265317035653326,0.023782106957226296,-0.08968499825426862,-2.6162097249493307e-05,6.024801188784014e-05,-0.001845873599247581,10469.434176415887,-753.5365501575088,3528.747278085249,8.74271480448397
536.4845511562668,0.02376949520735993,-0.0007753962366113104,-0.03265546854892541,0.02378210538499094,-0.08974657875534557,-2.7346568555399435e-05,6.0254345594163234e-05,-0.0018460355422823028,10487.245075955476,-755.1387519075085,3528.7472774842545,8.74272350699803
536.4845511847166,0.023769487492504248,-0.0007754537440795195,-0.03265774469092908,0.023782103756726423,-0.08980816315551819,-2.8863158222069596e-05,6.026072777634127e-05,-0.001846205676101147,10505.055876788185,-756.7420505466425,3528.7472769622223,8.742731948524796
536.4845513130917,0.02376948002654696,-0.0007755108848342427,-0.03266009246279733,0.023782101997584865,-0.08986975384252403,-2.9674730150731774e-05,6.026733694171412e-05,-0.0018463620950170986,10522.86657884225,-758.3464461533032,3528.7472765120606,8.742740030554693
536.4845515364656,0.023769472820703814,-0.0007755677260011019,-0.032662488100052345,0.023782100122596808,-0.08993135046221709,-2.9610890601740487e-05,6.027410551504413e-05,-0.0018464953239488416,10540.677182046838,-759.9519387933487,3528.7472761274184,8.74274766312939
536.484551849266,0.0237694659515301,-0.0007756248330133026,-0.0326648247065737,0.023782098222012122,-0.08999295031935128,-2.9805929644013947e-05,6.028081647654191e-05,-0.0018466286542724484,10558.487686330704,-761.5585285358828,3528.7472758020804,8.742754761740686
536.4845522445148,0.023769459329208452,-0.0007756817783021185,-0.03266720060120782,0.02378209622857315,-0.09005455550737235,-2.988357717080114e-05,6.028768688860898e-05,-0.0018467637931425258,10576.298091620502,-763.1662154719652,3528.7472755291287,8.742761248104864
536.4845527145625,0.0237694529069308,-0.0007757383508257569,-0.03266966265822454,0.023782094110542815,-0.09011616705463994,-2.96124970654367e-05,6.029481827592124e-05,-0.0018468997531399293,10594.108397843418,-764.7749996830315,3528.747275302206,8.742767056685798
536.4845532510973,0.023769446683214627,-0.0007757945699511339,-0.032672203454117,0.023782091873902983,-0.09017778485753235,-2.892783443301861e-05,6.030219062679202e-05,-0.0018470331712732793,10611.91860492718,-766.3848812405975,3528.7472751155287,8.742772134745847
536.4845538451448,0.023769440701902934,-0.0007758506854538737,-0.032674761267601625,0.023782089562354444,-0.09023940768044657,-2.793121560040819e-05,6.030966239317205e-05,-0.001847158308978962,10629.72871280006,-767.995860206259,3528.747274963888,8.742776442345855
536.4845544870684,0.023769435052099636,-0.0007759071773592052,-0.03267722015333995,0.023782087257284562,-0.09030103315669302,-2.6891630865756266e-05,6.031697069655293e-05,-0.0018472670937956647,10647.538721390883,-769.6079366317251,3528.7472748426453,8.742779952344282
536.4845551670438,0.023769429689341842,-0.0007759641531560397,-0.03267961804894819,0.02378208496762839,-0.09036266095618552,-2.7629057893896402e-05,6.032427310609673e-05,-0.0018474283301282085,10665.348630622393,-771.221110632182,3528.7472747448564,8.742782646824326
536.4845558751043,0.023769424533517183,-0.0007760211478365532,-0.03268204642379887,0.023782082622984563,-0.09042429330740345,-2.9308533382157375e-05,6.033176017220851e-05,-0.0018476267912151683,10683.158440420224,-772.8353822889095,3528.7472746650183,8.742784514739876
536.4845566011387,0.023769419622667286,-0.0007760780131236789,-0.032684461764528175,0.02378208021546086,-0.09048593069435397,-2.966211119901575e-05,6.033925241910722e-05,-0.001847777301851884,10700.968150714843,-774.4507516261949,3528.747274600004,8.74278555678077
536.4845573352865,0.023769414977518236,-0.0007761347388767318,-0.03268683608654447,0.02378207775152269,-0.09054757307251292,-2.784583646045979e-05,6.03466582236513e-05,-0.0018478463967129075,10718.777761433734,-776.0672186969181,3528.747274545735,8.742785784540894
536.4845580679367,0.023769410601480547,-0.0007761914530914081,-0.032689156934028324,0.023782075251993096,-0.09060921986882493,-2.4439745529989466e-05,6.03539738153386e-05,-0.0018478523203519994,10736.587272501385,-777.6847835825521,3528.747274497179,8.742785220518165
536.4845587897298,0.023769406480649184,-0.000776248421899786,-0.03269142737993245,0.023782072752052748,-0.09067086998170341,-2.1447866018616414e-05,6.0361283276306424e-05,-0.0018478650272021305,10754.39668383931,-779.3034463931626,3528.7472744483507,8.742783898114553
536.4845594915555,0.02376940258380355,-0.0007763060495703252,-0.03269366602598177,0.02378207030123995,-0.09073252178103049,-2.2298216784864042e-05,6.036875854133154e-05,-0.0018480061815754822,10772.205995366026,-780.9232072674084,3528.7472743923126,8.742781861636066
536.4845601650196,0.02376939882857335,-0.00077636381707598,-0.03269597081751416,0.023782067822554483,-0.09079417774117199,-2.594460614959e-05,6.037660017232745e-05,-0.0018482542038534028,10790.015207005226,-782.5440662842411,3528.7472743244916,8.742779162348768
536.4845608027152,0.02376939519868129,-0.0007764208740977884,-0.03269837732007035,0.0237820652095216,-0.09085584152559541,-2.7233429794123917e-05,6.038471358259831e-05,-0.0018484357210539234,10807.824318688361,-784.1660234359015,3528.7472742437703,8.742775853401012
536.4845613975082,0.023769391765763596,-0.0007764779603905133,-0.03270078562131654,0.023782062573852323,-0.09091750973278827,-2.8748557983047137e-05,6.039295863552804e-05,-0.0018486253394070784,10825.63333033711,-785.7890788182381,3528.7472741452943,8.742771996629074
536.4845619432526,0.023769388539123817,-0.000776535166009261,-0.03270318000503846,0.02378205993332932,-0.09097918193801824,-3.0706622445197165e-05,6.040131038751863e-05,-0.0018488282124497497,10843.442241874895,-787.4132325054666,3528.7472740251133,8.742767658535483
536.4845624348021,0.023769385465811033,-0.000776591914199912,-0.032705629307800514,0.023782057209653228,-0.09104086076591611,-3.084343442346183e-05,6.0409855868899126e-05,-0.001848976155893751,10861.251053227048,-789.0384845482633,3528.7472738802544,8.742762910172493
536.4845628677681,0.023769382583033582,-0.0007766485079977916,-0.03270808275928668,0.023782054453086943,-0.09110254479265932,-2.994637701275441e-05,6.041850612605252e-05,-0.0018490888544331796,10879.059764316446,-790.6648350225508,3528.7472737069716,8.742757824969937
536.4845632384822,0.023769379906831742,-0.0007767052307481043,-0.03271051307554831,0.023782051707392848,-0.09116423274998932,-2.9307657523411036e-05,6.0427245283164937e-05,-0.0018492070230998181,10896.868375064478,-792.2922840186314,3528.7472735010892,8.742752478957982
536.4845635443096,0.02376937740763731,-0.0007767618922539217,-0.03271295445928688,0.023782048947800914,-0.09122592553968006,-2.8497378466753347e-05,6.043614144630203e-05,-0.0018493208873261416,10914.676885393865,-793.9208316111327,3528.747273259119,8.742746948656348
536.4845637836278,0.023769375091116277,-0.0007768185542618601,-0.03271539676346368,0.02378204618819066,-0.0912876228726325,-2.768140999605459e-05,6.0445177851384676e-05,-0.0018494346761668446,10932.485295227252,-795.5504778746565,3528.7472729777137,8.742741309586307
536.4845639558158,0.023769372988538626,-0.0007768754666338868,-0.03271779749335729,0.023782043471168114,-0.09134932357296541,-2.7491564456676632e-05,6.045427671631293e-05,-0.0018495639215495331,10950.293604487182,-797.1812228843373,3528.747272653641,8.742735635941472
536.4845640610773,0.02376937106385715,-0.0007769324143749519,-0.03272019863735187,0.023782040767638544,-0.09141102867033062,-2.7533536061639518e-05,6.0463523440256126e-05,-0.0018497012515189678,10968.101813096016,-798.8130667172684,3528.7472722836796,8.74272999910797
536.4845641004281,0.023769369316248786,-0.0007769893673870506,-0.032722599637558324,0.023782038078653818,-0.09147273828920485,-2.7574871426374925e-05,6.047290764500203e-05,-0.0018498385216079393,10985.909920976688,-800.4460094433366,3528.747271865023,8.742724470949648
536.4845640756911,0.023769367753821,-0.0007770463710918623,-0.03272498831134242,0.02378203541646333,-0.09153445220230691,-2.7607667864087678e-05,6.048239851176081e-05,-0.0018499736294870564,11003.717928052087,-802.0800511336327,3528.7472713949433,8.742719118328084
536.48456398948,0.023769366375540175,-0.0007771034335162796,-0.032727363181054035,0.02378203278675602,-0.09159617037197168,-2.7649136932182135e-05,6.049199062984769e-05,-0.0018501069502301496,11021.52583424493,-803.7151918622282,3528.7472708707137,8.742714002072953
536.4845638452,0.023769365171231596,-0.0007771605252924094,-0.03272973347402719,0.023782030188660385,-0.09165789295015016,-2.7741604432262214e-05,6.050170399668297e-05,-0.0018502413363142714,11039.333639477773,-805.3514317061755,3528.747270289609,8.742709176982025
536.4845636470448,0.02376936412167369,-0.0007772175784931072,-0.03273211905046784,0.023782027614613628,-0.09171962028304848,-2.7942125593468284e-05,6.0511583478672154e-05,-0.001850381746685527,11057.14134367301,-806.988770745309,3528.74726964891,8.742704691795343
536.4845633996057,0.023769363221801433,-0.0007772744145048662,-0.03273452722198059,0.023782025045481534,-0.09178135314004045,-2.7163831507811733e-05,6.052160288347051e-05,-0.0018504915894695247,11074.948946755389,-808.627209036482,3528.7472689468955,8.742700586755987
536.4845631079716,0.023769362485919692,-0.0007773311727473514,-0.03273693628902528,0.023782022506100692,-0.09184309087144979,-2.5814718783099708e-05,6.053171986091133e-05,-0.0018505817561519028,11092.756448647831,-810.2667466559002,3528.7472681812446,8.742696900860457
536.4845627776841,0.023769361918660636,-0.0007773880751504837,-0.03273933275017485,0.023782020029833248,-0.09190483250852885,-2.5123679349824587e-05,6.054194014244648e-05,-0.0018506928345440867,11110.563849271843,-811.9073836961014,3528.747267349128,8.742693668436461
536.4845624144871,0.02376936151876049,-0.000777445225913605,-0.032741712284463736,0.023782017633755304,-0.09196657760295945,-2.572329929543562e-05,6.055226957791189e-05,-0.001850846112219084,11128.371148549924,-813.5491202413674,3528.747266448137,8.742690915237116
536.4845620243268,0.023769361279059518,-0.0007775026115054782,-0.03274407975138779,0.02378201531865692,-0.0920283262268529,-2.7649858864338904e-05,6.0562714135527576e-05,-0.0018510435765114837,11146.178346405577,-815.1919563677229,3528.7472654762855,8.742688658440938
536.4845616133515,0.02376936118650203,-0.0007775601006642876,-0.032746449190904296,0.023782013069042107,-0.09209007897275004,-3.0343332457897398e-05,6.057327990189759e-05,-0.001851267914517456,11163.985442763302,-816.835892142937,3528.7472644320073,8.74268690665186
536.484561187912,0.02376936122213638,-0.0007776174443976381,-0.032748843823432,0.02378201085312884,-0.09215183695362113,-3.2647388634430966e-05,6.058397308201008e-05,-0.001851482513094753,11181.792437548598,-818.4809276265222,3528.747263314158,8.742685659899212
536.4845607545615,0.02376936136111498,-0.000777674275982556,-0.03275129604985109,0.023782008622849043,-0.09221360180286597,-3.280939010921628e-05,6.059479999923726e-05,-0.001851631458862708,11199.599330687968,-820.1270628697342,3528.747262122015,8.742684909637733
536.4845603197543,0.02376936161642469,-0.0007777306184100159,-0.03275378737329599,0.023782006386527742,-0.09227537336708035,-3.048579577383991e-05,6.0605696098419134e-05,-0.001851700063023392,11217.40612210691,-821.7742979365329,3528.747260854506,8.74268464121058
536.4845598889775,0.02376936207227501,-0.0007777875001888673,-0.03275619678513668,0.023782004293343206,-0.09233714697261496,-2.976221858133854e-05,6.061651177930762e-05,-0.0018518118414322794,11235.212811725965,-823.4226329443061,3528.747259508678,8.742684841998875
536.4845594680279,0.023769362660109594,-0.0007778443516602879,-0.032758608633019826,0.023782002260481307,-0.09239892526271373,-2.885296305456282e-05,6.062737565966405e-05,-0.0018519175301360791,11253.019399470984,-825.072067956042,3528.7472580836497,8.742685489965979
536.4845590623042,0.023769363352323915,-0.0007779009614207636,-0.03276105383887409,0.023782000258113983,-0.09246070921733522,-2.7084904936779598e-05,6.0638329259034965e-05,-0.0018519984278557986,11270.825885267355,-826.7226030416406,3528.7472565783996,8.742686557470202
536.4845586767244,0.02376936417845166,-0.0007779576522962574,-0.032763487960248035,0.023781998334797206,-0.09252249734959052,-2.556251790870645e-05,6.064929864970573e-05,-0.0018520861645899332,11288.632269039404,-828.3742382843886,3528.7472549915296,8.742688011874993
536.48455831574,0.02376936518617709,-0.000778014939622793,-0.032765841950265565,0.023781996566709793,-0.09258428729162689,-2.6101147336910677e-05,6.066017704504964e-05,-0.0018522333286404857,11306.438550710998,-830.0269737742439,3528.7472533214955,8.74268981600746
536.4845579834927,0.02376936628908785,-0.0007780721106075147,-0.0327682226451289,0.023781994848505912,-0.09264608235476207,-2.650205978593027e-05,6.067113268780691e-05,-0.0018523797081397627,11324.244730208771,-831.6808095723386,3528.747251567853,8.74269193028784
536.4845576836583,0.023769367506477717,-0.0007781293029602606,-0.032770601207691104,0.023781993202613903,-0.09270788187406406,-2.696433307510547e-05,6.0682097229384936e-05,-0.0018525278787959406,11342.050807458563,-833.3357457498266,3528.7472497299286,8.742694311509359
536.4845574192811,0.023769368847993765,-0.0007781866137296657,-0.03277296019126462,0.023781991644253427,-0.09276968539000605,-2.770746335970292e-05,6.069303064556504e-05,-0.0018526828337535799,11359.856782386012,-834.991782380919,3528.74724780701,8.742696914928935
536.4845571927708,0.023769370292193427,-0.000778243918413732,-0.03277532127291935,0.023781990154411434,-0.09283149349065091,-2.8430472991282585e-05,6.0703967864269414e-05,-0.0018528373891928535,11377.662654916825,-836.6489195399492,3528.7472457984372,8.742699694535697
536.4845570059081,0.02376937180241633,-0.000778300975570288,-0.032777725512502145,0.023781988696143192,-0.0928933073130473,-2.852274763007903e-05,6.071497938180994e-05,-0.0018529765329093075,11395.468424976847,-838.3071573004089,3528.7472437036527,8.742702603442813
536.4845568599605,0.023769373418737784,-0.0007783580714992164,-0.03278011794614774,0.02378198731390727,-0.0929551254900009,-2.85355192740819e-05,6.0725949445228396e-05,-0.001853111131300658,11413.274092492155,-839.966495733497,3528.7472415222983,8.742705595226147
536.4845567557085,0.02376937512492544,-0.0007784151640281431,-0.032782512551932985,0.02378198599957979,-0.09301694824162614,-2.8549569749312264e-05,6.073690977260995e-05,-0.0018532460833382254,11431.079657388153,-841.6269349184475,3528.7472392537593,8.742708621513108
536.4845566933457,0.02376937690164783,-0.000778472173586744,-0.03278492771164952,0.02378198473957766,-0.09307877595800226,-2.8497220067195934e-05,6.0747897890680996e-05,-0.0018533818007278192,11448.885119590368,-843.2884749329332,3528.747236897539,8.742711635970672
536.4845566724745,0.023769378742802754,-0.0007785290860466251,-0.03278736603224871,0.02378198353102424,-0.09314060870659945,-2.8348346131507598e-05,6.0758915840346435e-05,-0.0018535176300953568,11466.690479024564,-844.9511158515625,3528.7472344533185,8.7427145948829
536.4845566921059,0.023769380655517272,-0.0007785859527213226,-0.03278981434584163,0.023781982381749358,-0.09320244623227877,-2.811037873837079e-05,6.076993017668973e-05,-0.001853651852986864,11484.495735616747,-846.6148577458794,3528.74723192096,8.742717457150942
536.4845567506595,0.023769382660147713,-0.0007786428903663021,-0.03279224370969906,0.023781981310289295,-0.09326428795729219,-2.782830357625791e-05,6.078087196897285e-05,-0.0018537816858684747,11502.300889293163,-848.279700684364,3528.7472293005053,8.742720184293033
536.4845568460124,0.02376938475044648,-0.0007787000569871801,-0.03279465285514317,0.023781980335341874,-0.09332613321797878,-2.8606784905694666e-05,6.079177653860392e-05,-0.0018539452445610562,11520.105939977573,-849.9456447605829,3528.7472265910715,8.742722742575491
536.4845569758203,0.023769386885539267,-0.0007787573316119643,-0.03279708502303875,0.023781979433533194,-0.09338798265496993,-3.0764139349541325e-05,6.080275730202205e-05,-0.0018541600565215532,11537.910887593998,-851.6126900648254,3528.747223791936,8.742725100232521
536.4845571375037,0.023769389078160504,-0.0007788144899430765,-0.032799528629437115,0.023781978578369053,-0.09344983716935015,-3.236352074084184e-05,6.081371724201664e-05,-0.0018543572197301165,11555.715732071429,-853.2808366349423,3528.7472209044604,8.742727224927282
536.4845573281741,0.02376939133950972,-0.0007788714170928635,-0.0328019711208063,0.02378197775698554,-0.09351169720215541,-3.2230512424196264e-05,6.082458474914164e-05,-0.0018544941252665946,11573.520473337463,-854.9500845219019,3528.74721792954,8.742729089645707
536.4845575446332,0.023769393678261388,-0.000778928108902876,-0.03280440000490832,0.023781976970131385,-0.09357356273208059,-2.999103376047971e-05,6.083531742589913e-05,-0.0018545559264923222,11591.32511131822,-856.6204337906976,3528.7472148675674,8.742730672771309
536.484557783373,0.023769396100564937,-0.0007789846719438685,-0.032806802850799205,0.02378197623216795,-0.09363543327547941,-2.607134012684241e-05,6.084590208673939e-05,-0.0018545555390501217,11609.129645938332,-858.2918845203469,3528.747211718433,8.74273195808519
536.4845580405762,0.023769398610044744,-0.0007790413235157997,-0.03280916728882899,0.023781975571069237,-0.09369730788636453,-2.1698022916709645e-05,6.08563547580608e-05,-0.001854533640864301,11626.934077120955,-859.9644368038927,3528.747208481524,8.742732934766044
536.4845583121154,0.023769401207800134,-0.0007790983916478321,-0.03281148101064172,0.02378197502842187,-0.09375918515640745,-1.8898009539781767e-05,6.0866720678209936e-05,-0.0018545586721406555,11644.738404787762,-861.638090748402,3528.747205155726,8.742733597390142
536.4845585935541,0.023769403892405387,-0.000779156315098332,-0.03281373176917545,0.023781974659425116,-0.0938210632149386,-2.0498563422034325e-05,6.08770742974815e-05,-0.001854726835366467,11662.54262885894,-863.3128464749665,3528.747201739422,8.742733945931347
536.4845588807411,0.02376940659539568,-0.000779214615585159,-0.03281600315604512,0.02378197439006579,-0.0938829443211353,-2.535210970096464e-05,6.088757628320399e-05,-0.0018550108811105285,11680.34674925899,-864.9887040576389,3528.7471982327706,8.74273398352361
536.4845591705088,0.023769409243190227,-0.000779272025946689,-0.03281840476922304,0.023781974045145714,-0.09394483411065092,-2.7337412634348835e-05,6.089827086518457e-05,-0.0018552149921839155,11698.150765919983,-866.6656634894632,3528.747194639027,8.742733712735575
536.4845594589824,0.02376941191969531,-0.0007793293491017104,-0.03282082387035962,0.023781973742432776,-0.09400672887792753,-2.914072709790307e-05,6.090898828395402e-05,-0.0018554154004156772,11715.954678764214,-868.3437248653274,3528.7471909576975,8.742733142536299
536.4845597425311,0.02376941464159919,-0.0007793867154886928,-0.0328232374108564,0.023781973501599336,-0.09406862800649612,-3.1068035413492405e-05,6.091968755133818e-05,-0.0018556192573504124,11733.75848771576,-870.0228882595638,3528.7471871890507,8.742732285949725
536.4845600178039,0.023769417359661014,-0.0007794435669925643,-0.03282571106491178,0.023781973242424155,-0.0941305340330975,-3.090248845803774e-05,6.0930449002305796e-05,-0.0018557595456516129,11751.562192700756,-871.7031537232239,3528.7471833342192,8.742731159857946
536.4845602815434,0.023769420126272853,-0.0007795003636596611,-0.03282817531641789,0.023781973033379526,-0.09419244481935922,-3.0047693878475225e-05,6.0941160033619547e-05,-0.001855874505516977,11769.365793642237,-873.3845213388888,3528.747179393222,8.742729783639192
536.4845605306679,0.023769422943174336,-0.0007795572460086124,-0.03283062338365863,0.023781972892740918,-0.09425435975748694,-2.9330356794403825e-05,6.095183672515711e-05,-0.0018559917866855554,11787.169290462683,-875.0669911938235,3528.7471753658906,8.742728179479728
536.4845607624644,0.02376942579147073,-0.0007796140992095857,-0.032833077357603546,0.02378197280251217,-0.09431627939646715,-2.8530610280146994e-05,6.096252646482961e-05,-0.0018561070801217613,11804.972683085552,-876.7505633637596,3528.7471712525003,8.742726371804293
536.4845609745795,0.023769428684778125,-0.0007796710283980887,-0.03283551889767313,0.023781972778907666,-0.09437820324022715,-2.7901621321469805e-05,6.0973197083675125e-05,-0.001856226412446278,11822.775971434314,-878.4352379231716,3528.7471670534082,8.742724386890016
536.4845611650215,0.023769431640561545,-0.0007797281786781537,-0.032837924602568236,0.02378197284401814,-0.09444013060994007,-2.7845464965182078e-05,6.098380945682978e-05,-0.0018563602144586373,11840.579155432222,-880.1210149479422,3528.74716276894,8.742722252387612
536.4845613320858,0.023769434627582058,-0.0007797853476811424,-0.03284033238187328,0.02378197296655266,-0.0945020624696465,-2.794654777237089e-05,6.099444106443137e-05,-0.0018564997638799965,11858.382235002433,-881.8078945140877,3528.747158399406,8.742719997222308
536.4845614743786,0.023769437649218843,-0.0007798425199201688,-0.03284273830233846,0.023781973145604502,-0.0945639988721178,-2.7984821314796408e-05,6.100507659977547e-05,-0.0018566368398727938,11876.185210068637,-883.4958766911741,3528.7471539453995,8.742717651777392
536.4845615909061,0.023769440707862195,-0.0007798996977115663,-0.032845139068087,0.023781973382382922,-0.09462593979774704,-2.788620348351507e-05,6.10157071372944e-05,-0.0018567683788916637,11893.98808055423,-885.1849615514734,3528.7471494074284,8.742715245963753
536.4845616810765,0.023769443802791678,-0.0007799568889174888,-0.03284753461066302,0.023781973678251335,-0.09468788521383625,-2.7705501250017225e-05,6.102633568371188e-05,-0.0018568962711928815,11911.790846382291,-886.8751491702764,3528.7471447858998,8.742712809162247
536.4845617446998,0.023769446930176106,-0.0007800141069459106,-0.0328499280890316,0.02378197403472733,-0.09474983507459646,-2.762641066622713e-05,6.103697717804297e-05,-0.0018570273608343655,11929.59350747557,-888.5664396258919,3528.747140081121,8.742710370223712
536.484561781982,0.02376945008153995,-0.0007800713372612684,-0.03285232839254833,0.023781974448922747,-0.09481178946885356,-2.7788900994317415e-05,6.104765829529451e-05,-0.0018571678355373564,11947.396063756747,-890.2588329972147,3528.7471352933912,8.742707957272529
536.4845617934063,0.023769453246626895,-0.0007801284100441299,-0.032854750331468285,0.023781974897828087,-0.09487374915256838,-2.7375992519896383e-05,6.105838540214634e-05,-0.0018572915876690704,11965.198515149976,-891.9523293477753,3528.747130423613,8.742705596667804
536.4845617797066,0.023769456442161368,-0.0007801854937322161,-0.032857171112681834,0.023781975406639927,-0.09493571335133634,-2.6974842033092865e-05,6.106912518846179e-05,-0.0018574155573340616,11983.00086157787,-893.6469287568304,3528.7471254721236,8.742703314941895
536.4845617419148,0.02376945967963203,-0.0007802427267991163,-0.03285957430082998,0.023781975995734884,-0.0949976814357656,-2.7131581922910485e-05,6.107985768984317e-05,-0.0018575562161594283,12000.803102962995,-895.3426313044229,3528.747120439247,8.742701136408778
536.4845616813585,0.02376946295984849,-0.0007803001324525964,-0.032861957840600635,0.023781976668766695,-0.09505965330284434,-2.795700220787834e-05,6.109058131483543e-05,-0.0018577170975352815,12018.605239228364,-897.0394370663672,3528.747115325477,8.742699082671562
536.4845615996604,0.023769466272941325,-0.0007803576186345997,-0.03286433405672859,0.02378197741266623,-0.09512162937594079,-2.912655053605098e-05,6.110131284492618e-05,-0.001857888796614745,12036.40727029744,-898.73734611425,3528.7471101314813,8.742697172622481
536.4845614987389,0.023769469598362073,-0.0007804149780212465,-0.032866729653995536,0.02378197819764148,-0.09518361060480321,-2.9880332185008445e-05,6.111208743454568e-05,-0.0018580489703139541,12054.209196094142,-900.4363585154305,3528.747104858098,8.7426954224429
536.4845613807647,0.023769472922401776,-0.0007804720437660881,-0.03286916292211468,0.0237819790003263,-0.09524559774382206,-2.9518653648718333e-05,6.112292201242252e-05,-0.0018581761002719615,12072.011016542512,-902.1364743363434,3528.7470995062226,8.742693845572123
536.4845612477728,0.023769476336972475,-0.0007805296268031709,-0.032871513672371365,0.023781979941807672,-0.09530758703066777,-3.0580510446087866e-05,6.113361915310896e-05,-0.0018583401937724683,12089.812731564361,-903.8376936675027,3528.7470940759194,8.742692453132449
536.4845611021165,0.02376947977654503,-0.0007805872200117136,-0.032873864418549704,0.023781980945437233,-0.09536958084163388,-3.168065804349949e-05,6.114432411629191e-05,-0.001858505597942795,12107.614341083512,-905.5400165784948,3528.74708856797,8.742691254734313
536.4845609462379,0.023769483178168627,-0.0007806443115064366,-0.03287629497956864,0.02378198193439625,-0.09543158156449842,-3.13252728893714e-05,6.115517165748383e-05,-0.0018586324903194927,12125.415845024101,-907.2434431363776,3528.7470829832714,8.742690256979794
536.4845607825757,0.023769486527792306,-0.0007807007850305135,-0.03287882250074525,0.02378198289145529,-0.09549358973874632,-2.9148031481464926e-05,6.116618728192002e-05,-0.0018587107409949637,12143.217243309871,-908.9479734131861,3528.747077322577,8.742689463257978
536.4845606135648,0.02376948986026497,-0.0007807569199555716,-0.032881401453794756,0.02378198385897426,-0.09555560405556937,-2.5910110366884496e-05,6.117728724455862e-05,-0.0018587599126174605,12161.018535864165,-910.6536074859338,3528.747071586497,8.742688873744976
536.484560441636,0.023769493259335375,-0.0007808133912816915,-0.03288392363683053,0.023781984938902368,-0.09561762135786632,-2.350018614207767e-05,6.11882785500806e-05,-0.0018588292603910859,12178.819722609936,-912.3603454366114,3528.747065775499,8.742688485403903
536.4845602692023,0.023769496821791358,-0.0007808709992373488,-0.032886263571224025,0.023781986251532276,-0.09567963791149015,-2.42343626728897e-05,6.119894217337998e-05,-0.0018589802685750288,12196.620803469883,-914.0681873506315,3528.7470598899445,8.742688292214934
536.4845600985531,0.023769500358660735,-0.0007809283498269846,-0.03288865852395518,0.023781987583400152,-0.09574166028051923,-2.4592580435697208e-05,6.120971539133899e-05,-0.0018591264798111706,12214.421778368316,-915.7771332967383,3528.747053930674,8.742688287793596
536.4845599319937,0.023769503912125553,-0.0007809857000011506,-0.032891055537381364,0.02378198897515157,-0.09580368722659194,-2.4969701955116783e-05,6.12204835388425e-05,-0.0018592736392356191,12232.222647229604,-917.4871833438067,3528.7470478986747,8.742688463055911
536.4845597716628,0.023769507542681617,-0.0007810434779674617,-0.032893377544335974,0.023781990492620916,-0.09586571672070064,-2.6331825403886698e-05,6.123109491254242e-05,-0.0018594436824424946,12250.023409977763,-919.19833756504,3528.7470417947907,8.742688806706864
536.4845596194886,0.02376951123568183,-0.0007811015922761991,-0.032895641310765215,0.023781992121088433,-0.09592774919750514,-2.8481096768503676e-05,6.124157995490928e-05,-0.0018596322645686191,12267.824066536692,-920.910596035392,3528.747035619771,8.742689305722884
536.4845594771875,0.02376951490133621,-0.0007811594318203112,-0.03289795743572816,0.02378199376528024,-0.0959897875553328,-3.005570984922288e-05,6.12521512542323e-05,-0.0018598087602935155,12285.624616830184,-922.6239588315675,3528.7470293742663,8.742689945351826
536.4845593463089,0.023769518476999776,-0.0007812165384300601,-0.03290040349186575,0.02378199535448854,-0.09605183395054673,-2.9887394749266112e-05,6.126294966916907e-05,-0.0018599442991999186,12303.425060782492,-924.3384260258777,3528.7470230591202,8.742690709470562
536.484559228299,0.023769522087119178,-0.0007812737479901781,-0.03290282331552268,0.023781997018335697,-0.096113884404235,-2.9704363725732556e-05,6.127366261562871e-05,-0.0018600753744395463,12321.225398318318,-926.0539976862437,3528.747016675463,8.742691581164472
536.4845591243175,0.023769525694254896,-0.0007813308825595296,-0.03290526018678254,0.02378199872646807,-0.09617593979512419,-2.9415121827542414e-05,6.128438811281313e-05,-0.0018602053083463482,12339.025629360935,-927.77067389576,3528.7470102237626,8.742692542270522
536.4845590352969,0.02376952928152704,-0.0007813878587405733,-0.03290773296274646,0.023782000464428837,-0.09623800053075995,-2.893747553477773e-05,6.129516644727662e-05,-0.0018603340806164922,12356.82575383417,-929.4884547319257,3528.7470037047196,8.742693574451259
536.4845589619471,0.023769532864399055,-0.0007814447629469774,-0.03291022152138875,0.023782002245485778,-0.09630006618765319,-2.8340536649898042e-05,6.1305950548803e-05,-0.0018604610680874282,12374.625771662491,-931.2073402657,3528.7469971193077,8.74269465924278
536.4845589047545,0.023769536490245047,-0.0007815018500758376,-0.03291266725882706,0.02378200411038008,-0.09636213551837898,-2.7848840362775883e-05,6.131660732439651e-05,-0.001860585262164954,12392.425682770994,-932.927330561691,3528.746990468767,8.742695778059472
536.4845588638688,0.023769540148084252,-0.0007815591816013718,-0.03291507901466862,0.02378200606409249,-0.09642420829404379,-2.8149229198306755e-05,6.132718136259606e-05,-0.0018607318068978012,12410.225487082429,-934.6484257085117,3528.746983753394,8.742696912851276
536.4845588393304,0.02376954380489743,-0.0007816165351112565,-0.0329174965676315,0.023782008071178955,-0.09648628556820667,-2.8733008689581848e-05,6.133774840043932e-05,-0.0018608890320390306,12428.025184520888,-936.370625781135,3528.7469769739973,8.742698045291204
536.4845588310477,0.023769547467971237,-0.000781673826728723,-0.03291991303849374,0.023782010121465864,-0.09654836767006528,-2.8805727017490653e-05,6.134826284977758e-05,-0.0018610283561933973,12445.824775011992,-938.0939308385241,3528.74697013202,8.742699157583887
536.4845588386727,0.023769551142005057,-0.0007817310408891599,-0.03292232259789853,0.02378201221298544,-0.09661045464673988,-2.809456568446626e-05,6.13587005684543e-05,-0.0018611394440800721,12463.624258480419,-939.8183409490248,3528.7469632285474,8.742700233248064
536.4845588616001,0.023769554829111014,-0.0007817882303401126,-0.03292472046635428,0.023782014351975734,-0.09667254626327326,-2.6848339514485368e-05,6.13690588603051e-05,-0.0018612302065326401,12481.423634849894,-941.5438561903652,3528.7469562643037,8.74270125711658
536.4845588989682,0.02376955852881395,-0.0007818455161412834,-0.032927102914234556,0.023782016552880626,-0.09673464200263077,-2.5837496653068278e-05,6.137935647515777e-05,-0.001861326800499101,12499.222904043194,-943.2704766496558,3528.746949239656,8.7427022153364
536.4845589496588,0.02376956223804921,-0.000781903087631644,-0.032929467265023674,0.023782018838345204,-0.09679674106584779,-2.6353970735798917e-05,6.138963361128372e-05,-0.0018614736244026142,12517.02206598215,-944.9982024233879,3528.7469421546107,8.742703095368613
536.4845590126123,0.023769565915068052,-0.0007819605387830827,-0.032931867690663405,0.023782021147747714,-0.09685884531843884,-2.6961057511727837e-05,6.13999686106317e-05,-0.0018616289876134669,12534.82112059187,-946.7270335736628,3528.7469350104575,8.742703886293702
536.4845590867245,0.02376956956652779,-0.0007820177718571859,-0.03293429870470044,0.02378202346897594,-0.09692095515185714,-2.6802676995743758e-05,6.141031821689193e-05,-0.0018617623806896778,12552.620067797801,-948.4569701586789,3528.746927808659,8.742704578308096
536.4845591706086,0.02376957323227336,-0.0007820752000116311,-0.03293670616678794,0.02378202586137656,-0.09698306867151987,-2.73677927421942e-05,6.142060723067741e-05,-0.001861917311194612,12570.41890752246,-950.1880122662308,3528.746920549567,8.74270516309562
536.4845592628512,0.023769576917813628,-0.0007821328892766125,-0.03293908170460718,0.023782028333530793,-0.09704518557577585,-2.8902069203653806e-05,6.143082541301356e-05,-0.001862101041540624,12588.217639689365,-951.9201599731252,3528.7469132339265,8.742705634402734
536.4845593620129,0.023769580594321403,-0.0007821905585548418,-0.03294146271386745,0.02378203084325441,-0.09710730715590538,-3.0407871730924345e-05,6.144102748533832e-05,-0.0018622845889890568,12606.01626422303,-953.6534133451815,3528.7469058628717,8.742705988038542
536.4845594666247,0.023769584212032173,-0.0007822476997254492,-0.03294391492938511,0.02378203331546312,-0.09716943574000163,-3.0030555783866387e-05,6.145130532282413e-05,-0.0018624135053405615,12623.814781048712,-955.3877724398866,3528.746898437836,8.742706221812853
536.484559575123,0.02376958785007073,-0.0007823049936904053,-0.03294633562174402,0.023782035851237816,-0.09723156816335277,-2.985211874406163e-05,6.146148941012018e-05,-0.0018625445708613385,12641.613190088765,-957.1232373439431,3528.746890959211,8.742706334554418
536.4845596859149,0.02376959148591948,-0.0007823623187458352,-0.0329487515115057,0.02378203842996983,-0.09729370501808964,-2.973060063873178e-05,6.147163991495403e-05,-0.001862676872813385,12659.41149126631,-958.8598081356266,3528.7468834276433,8.74270632677922
536.4845597974679,0.023769595085014326,-0.0007824194116921933,-0.03295120593804553,0.023782041010765146,-0.09735584753929208,-2.8961149698900333e-05,6.148183658918062e-05,-0.0018627924731902546,12677.209684504973,-960.5974848872679,3528.7468758439886,8.742706200726763
536.4845599083093,0.02376959865232232,-0.0007824763119384022,-0.03295369224478249,0.023782043598897518,-0.0974179955418771,-2.7644672196294054e-05,6.149206863082188e-05,-0.0018628938721430815,12695.007769728085,-962.3362676735138,3528.7468682090307,8.742705960185853
536.4845600170255,0.023769602232341674,-0.0007825333615018536,-0.03295615377917914,0.02378204624580846,-0.0974801474205989,-2.6687832443342984e-05,6.150223468406673e-05,-0.0018630040079805807,12712.805746858681,-964.0761565713277,3528.746860523477,8.7427056104946
536.4845601222709,0.02376960585295419,-0.0007825908007282346,-0.03295855432710889,0.023782048986843527,-0.09754230205873371,-2.6826833110926848e-05,6.151227611148139e-05,-0.0018631429751552815,12730.603615819551,-965.8171516595025,3528.746852787949,8.742705158371308
536.4845602227794,0.02376960943116899,-0.0007826480282805685,-0.032960997958099085,0.02378205172890923,-0.0976044622934601,-2.659042363471636e-05,6.152239032486718e-05,-0.0018632753732369237,12748.401376533986,-967.5592530112498,3528.746845003208,8.742704611470462
536.4845603173711,0.02376961301588503,-0.0007827053489951418,-0.03296342448089394,0.023782054519664544,-0.09766662666379923,-2.6519639099552564e-05,6.153245444493147e-05,-0.001863410930643702,12766.199028925555,-969.3024606962822,3528.7468371702157,8.74270397869929
536.4845604049968,0.023769616635819033,-0.0007827629488671616,-0.03296579837038072,0.023782057387800665,-0.09772879428221462,-2.6977645562513923e-05,6.154239805138106e-05,-0.0018635569095301501,12783.996572917522,-971.046774787011,3528.7468292898125,8.742703269666372
536.4845604847401,0.023769620286506005,-0.0007828208039123471,-0.03296812501016597,0.02378206032893937,-0.09779096526603184,-2.793969958007351e-05,6.155223445440632e-05,-0.0018637132597956994,12801.794008432817,-972.7921953586978,3528.7468213627008,8.742702494642671
536.4845605558176,0.023769623930299234,-0.0007828786801669296,-0.032970450692575606,0.023782063305632997,-0.09785314073743848,-2.8993148208098997e-05,6.156206069468127e-05,-0.0018638726190846786,12819.591335394043,-974.5387224894544,3528.7468133894467,8.742701664561528
536.4845606175833,0.023769627501176754,-0.0007829361596242677,-0.03297285681593005,0.023782066251588553,-0.09791532269702302,-2.9364697343592835e-05,6.157204465021522e-05,-0.0018640203875467866,12837.388553723566,-976.2863562593524,3528.746805370516,8.742700790996958
536.4845606696598,0.023769631084024856,-0.0007829936616752865,-0.03297524201803875,0.023782069236113732,-0.09797750907673972,-2.9287802220797528e-05,6.158195337610185e-05,-0.001864149449190189,12855.185663346236,-978.0350967229954,3528.7467973074254,8.74269988531961
536.4845607116188,0.023769634680949184,-0.0007830512739208489,-0.032977601871347795,0.023782072270448224,-0.09803969949716859,-2.927236220348578e-05,6.159179566560579e-05,-0.0018642768212215836,12872.982664184134,-979.7849439626852,3528.746789200581,8.742698959361377
536.484560743124,0.0237696382323976,-0.0007831087327888055,-0.03298000687913867,0.02378207530931227,-0.09810189527977663,-2.9358935817447845e-05,6.160174244962035e-05,-0.001864414490529625,12890.779556158388,-981.5358980701727,3528.746781049985,8.742698024948565
536.4845607640519,0.02376964171271683,-0.0007831659127904866,-0.032982487806018444,0.023782078331519855,-0.09816409704514756,-2.948964816164685e-05,6.161186593849642e-05,-0.0018645650670539467,12908.5763391912,-983.2879591261142,3528.7467728560755,8.742697093440986
536.484560774491,0.023769645130152457,-0.0007832228265207021,-0.03298503567791972,0.023782081339978705,-0.09822630471298185,-2.9508190908218822e-05,6.162213962204247e-05,-0.001864721783785162,12926.37301320586,-985.041127200071,3528.746764619725,8.742696175731945
536.4845607747419,0.023769648526848913,-0.0007832796246577417,-0.03298760178210069,0.023782084361690284,-0.09828851750209677,-2.9159822302472672e-05,6.163243826952459e-05,-0.0018648684967648625,12944.169578126737,-986.7954023505098,3528.7467563422438,8.742695282248246
536.4845607653175,0.0237696519788495,-0.0007833365959633747,-0.03299009766714505,0.0237820874477498,-0.09835073393042623,-2.8091367162890216e-05,6.164253792966643e-05,-0.0018649796850856196,12961.966033879275,-988.5507846248029,3528.746748025375,8.742694422950192
536.4845607465633,0.023769655497705284,-0.0007833940761792202,-0.03299250243632217,0.023782090643046493,-0.09841295253057081,-2.8148992998889017e-05,6.16524550226573e-05,-0.0018651162318748017,12979.762380383556,-990.3072741247712,3528.746739668747,8.742693606577813
536.4845607188836,0.02376965901062982,-0.0007834517514708608,-0.03299490199533807,0.02378209389341704,-0.09847517488204079,-2.943492067474405e-05,6.166239854697032e-05,-0.0018652945737153647,12997.558617560202,-992.0648709468823,3528.7467312721365,8.742692841419784
536.4845606831009,0.023769662515331663,-0.000783509231251644,-0.03299730904430458,0.023782097148247285,-0.09853740265640339,-2.9481657378919598e-05,6.16723100849416e-05,-0.0018654310518552454,13015.354745335962,-993.823575125338,3528.7467228377236,8.74269213553291
536.4845606400031,0.023769666016293448,-0.0007835664147621133,-0.0329997215089163,0.023782100395276905,-0.0985996362684097,-2.750531145681583e-05,6.168215633462673e-05,-0.0018654981721761515,13033.150763635042,-995.5833867203439,3528.7467143666995,8.742691495535187
536.4845605903422,0.02376966952465584,-0.0007836234912331937,-0.03300212265996656,0.023782103660598252,-0.09866187487568623,-2.4410060957109486e-05,6.169192955610814e-05,-0.0018655247780840838,13050.946672379074,-997.3443058182152,3528.7467058592606,8.742690926604485
536.4845605348346,0.02376967305821753,-0.0007836809398861903,-0.03300448111334749,0.02378210700865637,-0.09872411637873482,-2.2788153631753945e-05,6.170164757149501e-05,-0.0018655960505093367,13068.742471487129,-999.1063325313767,3528.746697314609,8.742690432478549
536.4845604742362,0.023769676610934185,-0.0007837391116341739,-0.033006794208950925,0.023782110482972622,-0.0987863593037202,-2.509742600132661e-05,6.171139202469606e-05,-0.001865796820050948,13086.538160877855,-1000.8694669766758,3528.74668873176,8.742690015729874
536.4845604097253,0.023769680077569955,-0.0007837966705724213,-0.03300920883605971,0.0237821138925073,-0.0988486096900293,-2.5747504503091155e-05,6.172131267065162e-05,-0.0018659552743603737,13104.333740480355,-1002.6337091652824,3528.7466801136916,8.742689679257557
536.4845603422634,0.023769683535471434,-0.0007838542337588107,-0.033011626518172854,0.023782117330525786,-0.0989108646528881,-2.6477121958430145e-05,6.17312354220993e-05,-0.001866116928671915,13122.129210216768,-1004.3990591788606,3528.746671460795,8.74268942410055
536.484560272791,0.02376968702674435,-0.0007839121882497973,-0.03301399226247139,0.023782120854196825,-0.09897312240407499,-2.856357135815172e-05,6.174107383132128e-05,-0.0018663178225818793,13139.924570009047,-1006.1655171012511,3528.7466627733547,8.742689250160476
536.4845602022907,0.02376969052270889,-0.0007839702627679798,-0.03301634357254939,0.02378212442308146,-0.09903538419421344,-3.108300713155194e-05,6.175088383914044e-05,-0.001866531548281136,13157.719819780821,-1007.9330829995628,3528.74665405225,8.74268915643064
536.4845601317829,0.02376969393143348,-0.0007840275921547334,-0.03301880074757132,0.02378212790880319,-0.09909765401324648,-3.110817371277059e-05,6.176084765005455e-05,-0.0018666746513349116,13175.514959457287,-1009.7017569253476,3528.7466452989115,8.742689140988588
536.484560062161,0.02376969733688271,-0.0007840848387756676,-0.03302125698142077,0.02378213141163903,-0.09915992876112917,-3.0475202385187377e-05,6.177077475823334e-05,-0.0018667947744222643,13193.309988960682,-1011.4715389600248,3528.7466365137293,8.742689200741408
536.4845599942671,0.023769700750665996,-0.0007841421905931475,-0.03302369485538018,0.023782134957422985,-0.09922220759862276,-3.0060138046020727e-05,6.17806541354696e-05,-0.0018669196819029689,13211.104908212843,-1013.2424291892806,3528.746627696883,8.742689331769597
536.4845599289227,0.023769704130792,-0.0007841993464860341,-0.03302616674848114,0.023782138499276018,-0.09928449194745545,-2.9133550248535518e-05,6.179058422426654e-05,-0.0018670319400106849,13228.899717136766,-1015.0144276871481,3528.7466188489616,8.742689529519991
536.4845598668808,0.02376970748319374,-0.0007842563520959257,-0.03302866496033063,0.02378214204374705,-0.09934678159324412,-2.7812582638813715e-05,6.180055005599263e-05,-0.0018671344553068995,13246.6944156554,-1016.7875345283206,3528.746609970552,8.742689788729448
536.4845598088255,0.0237697108617286,-0.0007843135998271577,-0.03303112171111107,0.02378214565081295,-0.09940907468549423,-2.70609529557543e-05,6.181042325088153e-05,-0.0018672504746809252,13264.489003691637,-1018.5617497881531,3528.7466010622393,8.742690103424865
536.4845597553393,0.023769714270093875,-0.0007843711530760384,-0.0330335311807141,0.023782149328817247,-0.099471370941527,-2.7175648060419103e-05,6.182019988248134e-05,-0.0018673894232450136,13282.28348116808,-1020.3370735449364,3528.746592124462,8.742690467186499
536.4845597069569,0.023769717653024068,-0.0007844286114579154,-0.03303596240469698,0.023782153015579323,-0.09953367224972767,-2.7169977179738717e-05,6.183000920490227e-05,-0.0018675274459233413,13300.077848007819,-1022.1135058721347,3528.7465831578047,8.742690873263687
536.484559664173,0.02376972104368657,-0.0007844861629349554,-0.03303837493108983,0.0237821567409537,-0.09959597769893844,-2.7285645379867458e-05,6.183976249957597e-05,-0.001867666853640837,13317.872104134374,-1023.8910468389091,3528.74657416306,8.7426913144702
536.4845596273595,0.023769724453368543,-0.0007845438745805371,-0.03304075474736957,0.02378216051515517,-0.09965828696554044,-2.7620540319362613e-05,6.184942926713978e-05,-0.0018678089379644083,13335.666249470893,-1025.6696965181368,3528.7465651408615,8.742691783555834
536.4845595967655,0.02376972787072299,-0.000784601687539432,-0.033043115214476074,0.023782164327970964,-0.09972060033742282,-2.8118103371558333e-05,6.185903908215131e-05,-0.00186795374269567,13353.460283940138,-1027.4494549864462,3528.7465560916808,8.742692273208533
536.4845595725174,0.023769731261768758,-0.0007846594170278046,-0.03304549706681225,0.023782168148760763,-0.09978291871398266,-2.856732962456564e-05,6.186868159308858e-05,-0.0018681000638709445,13371.254207464493,-1029.230322324216,3528.746547015827,8.742692776054387
536.4845595546966,0.023769734614771942,-0.000784716931827259,-0.03304791597339182,0.023782171957951296,-0.09984524269259773,-2.8453272056302088e-05,6.187837559172641e-05,-0.0018682323962464127,13389.04801996746,-1031.0122986005938,3528.746537914046,8.742693285007348
536.4845595433776,0.023769737982655484,-0.000784774473821854,-0.033050309069491426,0.02378217579598834,-0.0999075710668842,-2.7789316149344528e-05,6.188797087940524e-05,-0.0018683417698921807,13406.841721373441,-1032.7953838754606,3528.7465287874643,8.742693793229362
536.4845595383965,0.023769741339008072,-0.0007848320539149158,-0.033052703938942135,0.023782179658689506,-0.09996990387773755,-2.741376661852543e-05,6.189756354690424e-05,-0.0018684613939866782,13424.635311603255,-1034.5795782444693,3528.746519635794,8.742694293352514
536.4845595395444,0.02376974466417781,-0.0007848896520272234,-0.03305512179860574,0.023782183539189806,-0.10003224127559822,-2.776610334438272e-05,6.190722020972073e-05,-0.0018686096922707013,13442.428790578542,-1036.3648817947867,3528.746510459066,8.742694778662337
536.4845595465756,0.023769747949461306,-0.0007849472309201517,-0.03305757268051305,0.02378218743050621,-0.1000945834476655,-2.885400204921436e-05,6.19169652876065e-05,-0.001868788436416386,13460.222158221944,-1038.1512946033808,3528.7465012576995,8.742695243139785
536.4845595592076,0.023769751197103686,-0.0007850047361956713,-0.03306005543186387,0.023782191325537667,-0.10015693061789764,-3.025333429707833e-05,6.192678100456795e-05,-0.0018689827460272074,13478.015414457097,-1039.9388167370203,3528.746492032503,8.742695681461226
536.484559577121,0.023769754420298585,-0.0007850620962963485,-0.03306255771502698,0.023782195217065077,-0.1002192830470118,-3.110816749379264e-05,6.193660738886595e-05,-0.0018691610886379794,13495.80855920863,-1041.7274482522746,3528.746482784671,8.74269608899845
536.4845595999595,0.023769757643188134,-0.0007851192225053457,-0.0330650560075402,0.02378219909775132,-0.10028164103248405,-3.0130764886935332e-05,6.194634227301597e-05,-0.001869275279714856,13513.601592402176,-1043.5171891955142,3528.7464735157882,8.742696461818666
536.48455962717,0.023769760904226212,-0.0007851765303690854,-0.03306749848788248,0.023782203027577917,-0.10034400267696732,-2.8891275028319267e-05,6.195591831986366e-05,-0.0018693719900752049,13531.394513958978,-1045.3080396564767,3528.746464225783,8.742696796082303
536.4845596581372,0.023769764183942495,-0.000785234140401013,-0.03306990265531826,0.023782207017734407,-0.10040636753199703,-2.8740887338991055e-05,6.196542630723401e-05,-0.0018695007006873695,13549.187323798998,-1047.0999997374086,3528.7464549140627,8.742697088334527
536.4845596923627,0.023769767446230633,-0.0007852916382432144,-0.03307231762276251,0.023782211007754194,-0.10046873748214198,-2.8043414036549565e-05,6.197492561623158e-05,-0.0018696120442301405,13566.980021846672,-1048.8930694956998,3528.7464455817303,8.742697336312325
536.4845597292705,0.023769770686261203,-0.000785348977683634,-0.03307474969015309,0.023782214990302624,-0.10053111274043854,-2.6639020963138147e-05,6.198442620606716e-05,-0.0018697014236051862,13584.772608024809,-1050.687249004494,3528.7464362292963,8.74269753834436
536.4845597682062,0.023769773930513247,-0.0007854064815847292,-0.033077162286797815,0.02378221901130196,-0.10059349184433124,-2.5849338193713603e-05,6.199388865937299e-05,-0.00186980918050439,13602.565082254587,-1052.4825383527648,3528.7464268566773,8.742697693350161
536.4845598085061,0.02376977718794097,-0.0007854643399460236,-0.03307954095671557,0.023782223096339965,-0.10065587395532583,-2.6646696683460317e-05,6.200331404155134e-05,-0.0018699668628035671,13620.357444457244,-1054.278937628581,3528.7464174638044,8.74269780096574
536.4845598496389,0.023769780405646552,-0.0007855219912903279,-0.03308195659638759,0.023782227162970317,-0.10071826164057349,-2.693365906009032e-05,6.201279747115892e-05,-0.001870112377591842,13638.149694557365,-1056.076446886384,3528.74640805185,8.742697861693095
536.4845598909985,0.023769783620526792,-0.0007855797095580838,-0.03308436291077811,0.02378223125285813,-0.1007806536115167,-2.7411178221935364e-05,6.202225388789259e-05,-0.0018702630841683835,13655.941832477358,-1057.8750662019809,3528.7463986212124,8.742697876435361
536.4845599320046,0.023769786843083462,-0.0007856375742501521,-0.03308674674533402,0.023782235377764725,-0.10084304949531098,-2.8290405843785582e-05,6.203166008219287e-05,-0.0018704243304907707,13673.733858139663,-1059.674795650414,3528.7463891722955,8.742697846719674
536.4845599721083,0.02376979005158954,-0.0007856954142261326,-0.033089135751214506,0.02378223951123844,-0.10090545009353001,-2.909841164772081e-05,6.204106607588223e-05,-0.0018705838664677362,13691.525771466926,-1061.4756353043656,3528.746379705566,8.742697774710757
536.4845600107997,0.02376979321481853,-0.0007857529723887374,-0.03309156994007925,0.023782243614034575,-0.10096785660541056,-2.9082669150787816e-05,6.205054145306979e-05,-0.0018707216014548652,13709.31757238196,-1063.277585234536,3528.746370221553,8.742697663151928
536.484560047604,0.02376979639008566,-0.0007858106587272811,-0.033093977865838724,0.02378224774922164,-0.10103026709554704,-2.923279384733905e-05,6.205995118907798e-05,-0.0018708611302311717,13727.10926080712,-1065.0806455158483,3528.746360720666,8.742697515040092
536.4845600820298,0.02376979955132493,-0.0007858683227439678,-0.03309639130251004,0.023782251892219147,-0.10109268229215915,-2.933829210893165e-05,6.20693646721776e-05,-0.0018709999218651302,13744.900836664394,-1066.8848162265472,3528.7463512031313,8.742697333902145
536.4845601136504,0.02376980267572538,-0.0007859258189864279,-0.0330988384514168,0.023782256019735923,-0.1011551028912348,-2.9126672857545172e-05,6.207884043519145e-05,-0.0018711327594050427,13762.692299875933,-1068.690097442947,3528.746341669243,8.742697123553489
536.4845601421126,0.02376980576224877,-0.0007859831368662199,-0.03310132088092425,0.023782260129923433,-0.10121752894223424,-2.8564747848704004e-05,6.20883816832104e-05,-0.0018712587273543053,13780.483650364074,-1070.4964892392732,3528.74633211938,8.742696888052093
536.484560167137,0.023769808831629553,-0.0007860404006588312,-0.033103813526439256,0.023782264242375752,-0.10127995984809,-2.785863167147737e-05,6.20979362935935e-05,-0.001871381211671407,13798.274888051343,-1072.3039916876594,3528.7463225540055,8.742696631698491
536.484560188518,0.023769811926374913,-0.0007860978695036772,-0.033106264690410336,0.023782268398129594,-0.10134239436520706,-2.745374174847932e-05,6.210739681596798e-05,-0.0018715078997699316,13816.066012860443,-1074.1126048581498,3528.746312973667,8.74269635903579
536.4845602060204,0.023769815011305068,-0.0007861554149980736,-0.03310871530255594,0.02378227257379102,-0.10140483315809522,-2.755111069772085e-05,6.211686912638393e-05,-0.0018716519050913274,13833.857024712275,-1075.9223288383455,3528.7463033781896,8.742696074430652
536.4845602194783,0.02376981804403559,-0.0007862127696497029,-0.033111217582311545,0.02378227672679311,-0.1014672775075377,-2.7659434675844117e-05,6.212646128855628e-05,-0.0018718040273484446,13851.647923528686,-1077.7331637063874,3528.746293767748,8.74269578242033
536.4845602288955,0.02376982108846743,-0.000786270190199736,-0.03311369719380556,0.02378228090199142,-0.10152972610927355,-2.7583372446771568e-05,6.213598843510749e-05,-0.0018719463372246301,13869.43870923401,-1079.545109515763,3528.7462841435126,8.742695487910764
536.48456023429,0.023769824181455335,-0.0007863278351233627,-0.033116111088165416,0.023782285126513047,-0.10159217816721978,-2.7280436183804502e-05,6.214534617020297e-05,-0.0018720709010734205,13887.229381751536,-1081.3581663300115,3528.74627450625,8.742695195485927
536.4845602356935,0.02376982733245067,-0.0007863857628604792,-0.033118447929010295,0.023782289409461952,-0.101654633402191,-2.6859947489763126e-05,6.215451155250835e-05,-0.0018721798085700606,13905.019941003517,-1083.1723342228054,3528.7462648563146,8.742694909406202
536.4845602331517,0.023769830523501432,-0.0007864439318156876,-0.03312072809245109,0.023782293741918946,-0.10171709205189937,-2.658303739698654e-05,6.216354309518937e-05,-0.0018722851727115024,13922.810386911151,-1084.9876132779511,3528.7462551936533,8.742694633608373
536.484560226724,0.023769833709252237,-0.0007865022003582964,-0.03312300366709047,0.023782298096941677,-0.10177955487095462,-2.686264636733276e-05,6.217258076591197e-05,-0.0018724091298164068,13940.600719394597,-1086.8040035893887,3528.746245517802,8.742694371705623
536.4845602164838,0.023769836816977113,-0.0007865603267282852,-0.03312535842161912,0.02378230242955881,-0.10184202313115567,-2.8261953600643737e-05,6.218184585273382e-05,-0.0018725837801958757,13958.390938372964,-1088.6215052611567,3528.74623582789,8.742694126987786
536.4845602028033,0.023769839844107098,-0.0007866179660340988,-0.03312780422975329,0.023782306694884642,-0.10190449831064506,-2.8620227508424166e-05,6.219128931469063e-05,-0.0018727359785895598,13976.181043771958,-1090.4401183326593,3528.7462261255528,8.742693902945202
536.4845601860111,0.0237698428554302,-0.0007866754059317904,-0.033130264972149326,0.02378231094193706,-0.10196697897044658,-2.791601011013879e-05,6.220072769020956e-05,-0.0018728535577390106,13993.97103551556,-1092.259842860009,3528.746216411819,8.742693702600173
536.4845601662622,0.02376984586009113,-0.0007867330177390937,-0.03313272148236029,0.023782315219913447,-0.10202946349992092,-2.829980507102505e-05,6.221019213201669e-05,-0.0018730082138134262,14011.76091352249,-1094.0806789507694,3528.7462066857106,8.742693528187388
536.4845601438451,0.02376984885717333,-0.0007867908588083199,-0.03313517340796381,0.023782319535842453,-0.1020919516587207,-3.0175592153643202e-05,6.221969630732614e-05,-0.001873213902624155,14029.550677714138,-1095.9026266863643,3528.74619694724,8.742693381703559
536.4845601191818,0.02376985183569896,-0.0007868486725263575,-0.03313763921056212,0.023782323854584033,-0.10215444457679043,-3.2200827217876314e-05,6.222923639784007e-05,-0.001873426839624697,14047.340328014572,-1097.7256861220792,3528.7461871974115,8.742693264907407
536.4845600928211,0.02376985477722687,-0.0007869059200496525,-0.03314015258434252,0.023782328103395207,-0.10221694461061569,-3.1416716358176634e-05,6.223878717708446e-05,-0.0018735494799306622,14065.129864350381,-1099.549857288496,3528.7461774381654,8.742693179306228
536.4845600650365,0.023769857777825965,-0.0007869635305418685,-0.03314258755962873,0.023782332419642564,-0.10227944748576072,-3.105618093478034e-05,6.224816218389174e-05,-0.0018736750265888947,14082.919286640903,-1101.3751402869557,3528.746167668797,8.742693125335231
536.4845600361374,0.023769860800912784,-0.0007870213930994668,-0.03314498598228912,0.023782336781912876,-0.10234195379649318,-3.147171134551425e-05,6.225747403822492e-05,-0.0018738219825750147,14100.708594806592,-1103.2015352079325,3528.746157888933,8.742693103276086
536.4845600065668,0.0237698637674114,-0.0007870787928428987,-0.03314745046483429,0.023782341083235785,-0.10240446684984078,-3.033278143923931e-05,6.226688502275501e-05,-0.0018739249317770634,14118.497788771241,-1105.0290421092568,3528.74614809942,8.742693113289903
536.4845599767099,0.023769866669391345,-0.0007871356506100779,-0.03314999157619704,0.023782345311780057,-0.1024669870098224,-2.7359459925963224e-05,6.227641021371372e-05,-0.0018739757531565729,14136.286868457184,-1106.8576610629616,3528.7461383006003,8.74269315493873
536.4845599468948,0.02376986957006763,-0.0007871925229563804,-0.03315252784173235,0.023782349550853562,-0.1025295116974479,-2.4322410376840472e-05,6.228591748089339e-05,-0.0018740236207485678,14154.075833785293,-1108.6873921552817,3528.746128492309,8.742693227185553
536.4845599173973,0.023769872586750163,-0.0007872504623686402,-0.03315490746992506,0.023782353957714577,-0.10259203604249278,-2.463295757422381e-05,6.229516490465761e-05,-0.0018741640489998905,14171.864684675193,-1110.5182354845992,3528.7461186739442,8.74269332843212
536.4845598885775,0.02376987556900619,-0.0007873082897573245,-0.03315732078962981,0.02378235835220389,-0.10265456556504211,-2.5027893458743038e-05,6.230449184026286e-05,-0.0018743124429128385,14189.653421050216,-1112.3501911130988,3528.746108846131,8.742693457354797
536.484559860804,0.023769878531438332,-0.0007873660239842652,-0.03315975189145149,0.02378236273934026,-0.10271710013695191,-2.520513630999517e-05,6.231384895359792e-05,-0.0018744559397789258,14207.442042833361,-1114.1832591061884,3528.7460990094596,8.742693612171585
536.4845598343817,0.02376988154450831,-0.0007874241794823376,-0.03316211268547286,0.023782367198375245,-0.102779637334531,-2.6449339389329883e-05,6.232307071574011e-05,-0.0018746258676383117,14225.230549946518,-1116.0174395400397,3528.74608916414,8.742693790699773
536.484559809575,0.02376988460493736,-0.0007874827343961354,-0.033164407239101294,0.023782371725672557,-0.10284217726210863,-2.8714871984607516e-05,6.233216503867753e-05,-0.0018748212545535465,14243.01894231173,-1117.8527324892611,3528.7460793103933,8.742693990608204
536.4845597866071,0.023769887635706238,-0.0007875411305819697,-0.03316673177706875,0.023782376234708077,-0.10290472255203471,-3.0625819410199014e-05,6.234131327530897e-05,-0.0018750088286095712,14260.807219851193,-1119.6891380268971,3528.7460694484544,8.742694209417275
536.4845597656774,0.02376989054857961,-0.0007875987049486187,-0.03316919714860291,0.02378238062334496,-0.10296727632072519,-3.0452030286690872e-05,6.235071912882837e-05,-0.001875145228799271,14278.595382487383,-1121.52665622324,3528.7460595786533,8.742694444499543
536.4845597469986,0.023769893482733947,-0.0007876564112735973,-0.03317163093395971,0.023782385040292932,-0.10302983404587499,-3.0324748766595025e-05,6.236004503725262e-05,-0.0018752784849092913,14296.38343014268,-1123.3652871494064,3528.746049701417,8.742694693014233
536.4845597306736,0.023769896401270044,-0.0007877140578371077,-0.03317407723546611,0.023782389453687203,-0.10309239666640568,-3.0075653278251477e-05,6.236939087520194e-05,-0.001875409378468055,14314.171362738341,-1125.2050308872963,3528.7460398166522,8.742694951989083
536.4845597167849,0.023769899274553155,-0.0007877714674063243,-0.033176572086722325,0.023782393834907586,-0.1031549650355259,-2.9418708283388962e-05,6.237883285012778e-05,-0.0018755333982079213,14331.959180196018,-1127.0458875148472,3528.746029924417,8.742695218500046
536.4845597054058,0.023769902115108547,-0.0007878287117590145,-0.033179100344030286,0.023782398195328302,-0.10321753880643897,-2.8454595523638807e-05,6.238833810641065e-05,-0.0018756517628488495,14349.746882437901,-1128.8878571047035,3528.7460200249943,8.742695489680285
536.4845596966005,0.0237699049776215,-0.0007878861116835385,-0.033181595686393624,0.023782402586317967,-0.10328011643234297,-2.7670714020534936e-05,6.239776472536023e-05,-0.001875771421098401,14367.53446938671,-1130.7309397242163,3528.74601011889,8.742695762720164
536.4845596903546,0.02376990789016714,-0.0007879438826616873,-0.03318402274619407,0.023782407040661795,-0.1033426969029895,-2.7647332400266435e-05,6.240704857379793e-05,-0.0018759071872076997,14385.321940964226,-1132.5751354496583,3528.746000206248,8.742696034846489
536.4845596865647,0.023769910779852202,-0.000788001625604165,-0.03318646919272954,0.023782411493012974,-0.10340528215959151,-2.792018729352449e-05,6.241638367390858e-05,-0.0018760561184458986,14403.109297091107,-1134.4204443680176,3528.745990286739,8.742696303349195
536.4845596852315,0.023769913672856646,-0.0007880593871864742,-0.033188906058853385,0.023782415954104946,-0.10346787191705205,-2.8028192828316394e-05,6.242568380888995e-05,-0.0018761978788032826,14420.89653769084,-1136.2668665388478,3528.7459803611387,8.742696565726714
536.484559686291,0.023769916584790655,-0.0007881172118574797,-0.03319131564826021,0.023782420432383655,-0.10353046593476824,-2.7804602517081925e-05,6.243490050927624e-05,-0.0018763240303971461,14438.683662686084,-1138.1144020295098,3528.7459704299117,8.742696819660106
536.4845596896091,0.023769919515878774,-0.0007881751190546971,-0.03319369723426745,0.023782424930166017,-0.10359306412960531,-2.73696052781466e-05,6.244403648586142e-05,-0.001876438631934017,14456.470671998537,-1139.963050916387,3528.7459604931655,8.742697063011414
536.4845596949808,0.023769922450959907,-0.0007882331032042934,-0.03319606705981543,0.0237824294436399,-0.10365566657589667,-2.7130325435721675e-05,6.245314562969912e-05,-0.0018765582387096577,14474.25756554894,-1141.8128132848824,3528.745950550647,8.74269729382367
536.4845597021331,0.023769925359541796,-0.0007882911301021576,-0.033198458373426644,0.02378243396240903,-0.1037182735206738,-2.775570905260981e-05,6.246233219372717e-05,-0.0018767110371453763,14492.044343257123,-1143.663689228991,3528.745940601763,8.742697510324636
536.4845597109559,0.023769928222798126,-0.0007883488807736883,-0.03320089943565282,0.023782438441666054,-0.10378088638499067,-2.7723231010762574e-05,6.247160948183413e-05,-0.0018768484720553338,14509.831005046997,-1145.5156788031722,3528.745930647436,8.74269771130132
536.4845597212723,0.023769931071881925,-0.0007884065215693458,-0.03320335294930492,0.0237824429084987,-0.10384350435781255,-2.720563273228719e-05,6.248089417890717e-05,-0.0018769709364160469,14527.617550840981,-1147.3687820761065,3528.745920688069,8.742697895554503
536.4845597327949,0.02376993392875006,-0.0007884643539714238,-0.03320578787422869,0.02378244740563803,-0.10390612608314446,-2.7522705210113736e-05,6.249015939122374e-05,-0.001877119538123857,14545.403980559222,-1149.2229991380254,3528.745910723227,8.742698061983097
536.4845597452793,0.02376993679614475,-0.0007885224309030391,-0.033208199986627336,0.023782451940212352,-0.10396875132705216,-2.8939862612414467e-05,6.249940479060636e-05,-0.001877302847016424,14563.190294123111,-1151.078330067025,3528.745900752927,8.742698209910127
536.4845597585239,0.023769939657593536,-0.0007885805567281324,-0.03321061187906152,0.023782456483747265,-0.1040313809776621,-3.0668142282603856e-05,6.250865661442268e-05,-0.001877496894872728,14580.97649145528,-1152.9347749290655,3528.7458907776354,8.742698339082732
536.4845597723704,0.023769942477409312,-0.000788638287251468,-0.03321307296044935,0.02378246097216561,-0.10409401704516148,-3.086420473933853e-05,6.251796766558549e-05,-0.0018776451754130674,14598.762572479598,-1154.7923337779719,3528.7458807982694,8.742698449672163
536.4845597865815,0.023769945303517618,-0.0007886959813348879,-0.03321552323309187,0.0237824654605779,-0.10415665784344202,-3.0464238504958115e-05,6.25272276454082e-05,-0.001877771148847096,14616.54853711753,-1156.6510066904327,3528.7458708149125,8.742698541821547
536.4845598008482,0.023769948165040588,-0.0007887540156293233,-0.03321792215389313,0.023782470002772484,-0.10421930167282953,-3.1068527366717164e-05,6.253639693308289e-05,-0.001877924223552965,14634.334385288832,-1158.510793759345,3528.745860827012,8.742698615717927
536.4845598149691,0.023769950985456756,-0.000788811748557844,-0.03322036752544463,0.02378247450150534,-0.10428195151915781,-3.074274662407095e-05,6.254564144078135e-05,-0.00187805200053142,14652.120116916287,-1160.3716950483442,3528.7458508350715,8.742698672139378
536.4845598287374,0.02376995374246522,-0.0007888689877575009,-0.03322288806813698,0.023782478927645456,-0.10434460827601501,-2.8890305188219805e-05,6.255500906858308e-05,-0.0018781381019711554,14669.90573192191,-1162.2337106281977,3528.745840839349,8.74269871197522
536.4845598419407,0.023769956468353795,-0.0007889259936308927,-0.033225442938022653,0.023782483320701583,-0.10440727072840184,-2.6264685573085824e-05,6.256442898895371e-05,-0.0018782025268058904,14687.69123022694,-1164.0968405769072,3528.745830839852,8.742698736224705
536.4845598543614,0.023769959249998984,-0.0007889834793461665,-0.033227921726816004,0.023782487788822228,-0.10446993555273157,-2.4969443895312822e-05,6.257371164674495e-05,-0.0018783016507143693,14705.476611751827,-1165.961084979708,3528.745820836338,8.742698745997
536.4845598657951,0.02376996209212849,-0.0007890415502901952,-0.03323031679808401,0.023782492346342044,-0.10453260228525797,-2.5554438216045915e-05,6.258285876220659e-05,-0.00187845339498728,14723.261876417318,-1167.8264439188622,3528.745810828629,8.74269874263606
536.4845598761106,0.02376996486599609,-0.0007890991847369085,-0.03323279115761841,0.023782496837223888,-0.10459527570344095,-2.513895870260378e-05,6.259215901885519e-05,-0.001878582328007533,14741.047024146212,-1169.692917456804,3528.745800817225,8.742698727824699
536.4845598851894,0.023769967672140957,-0.0007891570809010453,-0.03323522036754617,0.023782501370337474,-0.10465795250234747,-2.5332336563002535e-05,6.26013713073301e-05,-0.001878725581963999,14758.832054860151,-1171.560505666811,3528.7457908023384,8.742698703156337
536.4845598929207,0.023769970552148734,-0.0007892155327453934,-0.03323755289823103,0.02378250599132496,-0.10472063129341812,-2.6835849907481517e-05,6.261039717986793e-05,-0.001878899741932467,14776.616968480628,-1173.4292086234489,3528.745780784096,8.74269867030207
536.484559899203,0.02376997347892451,-0.0007892743563091392,-0.033239822341079715,0.023782510671272235,-0.10478331295035616,-2.9247657723927412e-05,6.26193032046286e-05,-0.0018790959143768513,14794.401764929034,-1175.2990264020375,3528.7457707625526,8.742698631018254
536.4845599039428,0.02376997635669285,-0.0007893328897078671,-0.033242147408542,0.02378251530670894,-0.10484600060912758,-3.1062799877874326e-05,6.262832096569547e-05,-0.0018792797271491926,14812.18644412666,-1177.1699590786484,3528.7457607376896,8.742698587146501
536.4845599070925,0.023769979109745827,-0.0007893905728654142,-0.03324462293646252,0.02378251981108968,-0.10490869690584995,-3.085311898052015e-05,6.263762726762208e-05,-0.0018794158882553748,14829.971005995234,-1179.0420067250714,3528.7457507096624,8.742698540570007
536.4845599086933,0.023769981903310384,-0.0007894484851661863,-0.03324704612121858,0.02378252435466647,-0.10497139669859905,-3.081920469864771e-05,6.264681355048486e-05,-0.001879550272598324,14847.755450457165,-1180.9151694064622,3528.7457406790177,8.74269849301662
536.4845599086751,0.023769984675220575,-0.00078950629584876,-0.033249491453452906,0.02378252888298275,-0.10503410160203455,-3.062667289965949e-05,6.265604742658648e-05,-0.0018796824634879639,14865.539777432632,-1182.7894472089572,3528.7457306453603,8.74269844621327
536.4845599070201,0.02376998738549829,-0.0007895637748035363,-0.03325200734313569,0.023782533358765113,-0.10509681272891468,-2.9948903535921373e-05,6.26654338670642e-05,-0.0018798083995955194,14883.323986842437,-1184.664840212683,3528.745720608536,8.742698401825754
536.4845599037778,0.023769990047090496,-0.0007896209879810915,-0.03325457851081788,0.02378253779291551,-0.10515952975636578,-2.8840814144779342e-05,6.267493814651984e-05,-0.0018799276923247737,14901.108078608244,-1186.5413484894348,3528.7457105687404,8.742698361447218
536.4845598990657,0.023769992725869236,-0.0007896782973921775,-0.0332571259876312,0.023782542244511245,-0.10522225092588232,-2.7738859848559498e-05,6.268438584301985e-05,-0.001880043625812069,14918.892052652584,-1188.4189721026764,3528.7457005265164,8.742698326598155
536.4845598930049,0.023769995493969572,-0.0007897361467800193,-0.03325956205226057,0.023782546784349153,-0.1052849741101997,-2.7428008527164986e-05,6.269359399873097e-05,-0.0018801702560131415,14936.67590889754,-1190.297711119909,3528.7456904822534,8.742698298639414
536.4845598855412,0.023769998247525317,-0.0007897940641834085,-0.03326200897771756,0.02378255133189753,-0.10534770166302293,-2.7871307132631198e-05,6.270285585537402e-05,-0.0018803246507784958,14954.459647261487,-1192.1775656437342,3528.7456804348867,8.742698278625479
536.4845598768673,0.02377000100286578,-0.0007898519819863442,-0.03326445135609055,0.023782555881497247,-0.10541043381903853,-2.8156688372669775e-05,6.271210134536078e-05,-0.0018804728703657701,14972.24326766783,-1194.058535728995,3528.745670385254,8.742698267873678
536.4845598671598,0.02377000378186344,-0.00078990993075744,-0.03326686535891105,0.023782560441193763,-0.10547317037648343,-2.784841058639155e-05,6.272125732522428e-05,-0.0018805962287900637,14990.026770039292,-1195.9406214368867,3528.7456603339506,8.742698267459666
536.4845598565427,0.023770006588492508,-0.0007899679442191599,-0.03326924600745416,0.023782565016051655,-0.10553591117927774,-2.7052606156803365e-05,6.273031564247279e-05,-0.001880697659226784,15007.810154297107,-1197.8238228425294,3528.745650281023,8.742698278157604
536.4845598450867,0.02377000940882893,-0.0007900260592478191,-0.033271607172738527,0.02378256960815462,-0.10559865611702472,-2.6417281510808077e-05,6.273933313558988e-05,-0.0018808017140116461,15025.593420361027,-1199.7081400349682,3528.745640225972,8.742698300440152
536.4845598328093,0.023770012211044585,-0.0007900843153952097,-0.0332739815940486,0.023782574216542705,-0.10566140512706698,-2.712937658592948e-05,6.274843157244381e-05,-0.0018809544654521805,15043.376568149324,-1201.593573117126,3528.7456301677526,8.742698334478922
536.4845598199163,0.02377001496137916,-0.0007901423331467881,-0.03327641490235306,0.023782578785858925,-0.10572415993761504,-2.770803414330085e-05,6.275766736357008e-05,-0.0018811114100020098,15061.159597584883,-1203.4801221482778,3528.7456201069945,8.74269838069786
536.484559806642,0.023770017690885336,-0.0007902001594496814,-0.03327887311203508,0.023782583327991526,-0.10578692024676747,-2.7555930297288124e-05,6.276693683912544e-05,-0.0018812467342722184,15078.94250859092,-1205.3677871843997,3528.7456100444883,8.7426984393843
536.4845597930796,0.02377002043022553,-0.0007902581506600818,-0.03328131462771705,0.023782587894644585,-0.10584968443633197,-2.8098015458792437e-05,6.277619108315484e-05,-0.0018814036087520334,15096.725301087085,-1207.256568315064,3528.745599979732,8.742698510343699
536.4845597793686,0.023770023183057692,-0.0007903163512859128,-0.03328373448630128,0.023782592492203384,-0.1059124523052218,-2.9518650281257133e-05,6.278542472358406e-05,-0.0018815876816620529,15114.507974994402,-1209.1464656167661,3528.7455899127094,8.742698593351824
536.4845597656957,0.023770025926035273,-0.0007903744939868294,-0.03328616435697003,0.023782597081734407,-0.10597522506945586,-3.076160566066781e-05,6.279467593221968e-05,-0.0018817670789542454,15132.290530235276,-1211.0374791529243,3528.745579843889,8.742698688154755
536.4845597522738,0.023770028627555152,-0.0007904321817999872,-0.03328864799594769,0.023782601606034643,-0.1060380045242824,-3.016852893373257e-05,6.280399029034689e-05,-0.0018818908607823343,15150.07296673292,-1212.9296089792683,3528.7455697740315,8.742698794415427
536.4845597391728,0.023770031360227765,-0.0007904900899331841,-0.033291091177274815,0.023782606165881175,-0.10610078755519176,-3.0014885224210602e-05,6.281322266218346e-05,-0.001882023792553394,15167.855284406673,-1214.8228551878547,3528.745559702557,8.742698911310901
536.4845597265085,0.02377003409077718,-0.0007905479962294619,-0.033293534877587905,0.023782610726246094,-0.10616357521851426,-2.982669353255679e-05,6.282245461373571e-05,-0.0018821555874229377,15185.637483177594,-1216.7172178544847,3528.7455496294474,8.742699038105197
536.4845597144023,0.02377003679107638,-0.0007906056772942636,-0.033296014662133944,0.023782615252930236,-0.10622636855885291,-2.8972016569116498e-05,6.283174897623701e-05,-0.001882269669066619,15203.419562967154,-1218.612697050921,3528.7455395548436,8.742699173998616
536.484559702955,0.023770039470841046,-0.0007906632090015015,-0.033298518329707455,0.02378261975751066,-0.10628916722148934,-2.766213101759336e-05,6.284108386772553e-05,-0.0018823715328612524,15221.201523696443,-1220.5092928524266,3528.74552947877,8.74269931804911
536.4845596922468,0.023770042177629586,-0.0007907209664935565,-0.033300985912650516,0.02378262429734063,-0.10635196945238386,-2.695152753504935e-05,6.285035269304417e-05,-0.001882488745884812,15238.983365286169,-1222.407005337765,3528.7455194011395,8.742699469172274
536.4845596823351,0.023770044911107534,-0.0007907789866977953,-0.03330341682181357,0.023782628877051876,-0.10641477509577461,-2.7090343935782052e-05,6.285956299660511e-05,-0.001882629893681178,15256.765087657028,-1224.3058345856161,3528.745509321837,8.742699626266157
536.4845596732939,0.02377004760989001,-0.0007908367955455507,-0.03330588825910431,0.023782633423792037,-0.10647758637344713,-2.678513669595124e-05,6.286885415446257e-05,-0.001882761709370043,15274.54669073063,-1226.2057806659782,3528.745499241045,8.742699788310105
536.4845596652005,0.023770050328659066,-0.0007908947515870983,-0.033308333171967276,0.023782637994139204,-0.10654040157854841,-2.6775599673237106e-05,6.287809114210946e-05,-0.0018828997806995585,15292.328174428409,-1228.1068436504381,3528.745489158951,8.742699954130225
536.4845596581024,0.02377005309094762,-0.0007909530122140049,-0.03331072263323432,0.02378264261280292,-0.10660321996359887,-2.74003855351209e-05,6.288721639732539e-05,-0.0018830515100049642,15310.10953867157,-1230.0090236125475,3528.745479075647,8.74270012257401
536.4845596520161,0.023770055886171603,-0.0007910115121758611,-0.03331306953472477,0.023782647269289695,-0.10666604184177035,-2.8543862899031286e-05,6.289625680361998e-05,-0.001883214822210198,15327.8907833811,-1231.9123206277623,3528.7454689911315,8.742700292514199
536.4845596469278,0.02377005866962998,-0.0007910699635802803,-0.03331542858724541,0.023782651917903044,-0.10672886858688613,-2.963611633234438e-05,6.290532369023284e-05,-0.0018833781648278976,15345.671908477767,-1233.8167347734425,3528.7454589053077,8.74270046284877
536.4845596428073,0.02377006138098196,-0.0007911279628711521,-0.033317874029855664,0.023782656495054295,-0.10679170211692306,-2.9810724577202536e-05,6.291456475041714e-05,-0.0018835226340774673,15363.452913882387,-1235.7222661263613,3528.7454488180915,8.742700632516671
536.4845596397349,0.02377006413376117,-0.0007911861474483632,-0.033320269435416675,0.023782661104470804,-0.10685453934352565,-2.990823233567897e-05,6.292368115478754e-05,-0.0018836569040217661,15381.23379951788,-1237.6289147435245,3528.7454387302587,8.742700800590741
536.4845596376238,0.023770066893840282,-0.0007912443906844397,-0.0333226541154803,0.023782665723260016,-0.10691738091876603,-3.009786879201075e-05,6.293277405614107e-05,-0.0018837927423504283,15399.014565303967,-1239.5366807115965,3528.7454286413563,8.74270096596645
536.4845596363663,0.023770069600418674,-0.0007913023860002204,-0.0333251002344207,0.023782670300250934,-0.10698022834903506,-3.015558813709267e-05,6.29420096289202e-05,-0.001883933209406556,15416.79521116026,-1241.4455641181003,3528.7454185508805,8.742701127628457
536.4845596358936,0.023770072232456228,-0.000791360017077885,-0.03332763304490078,0.023782674816374888,-0.10704308219943447,-2.99378092431677e-05,6.295144370063133e-05,-0.0018840771158673247,15434.575737007388,-1243.3555650409146,3528.7454084587202,8.742701284725786
536.4845596361749,0.02377007480867332,-0.0007914173578609533,-0.03333023088787216,0.02378267928466553,-0.10710594209377695,-2.9381415663826986e-05,6.296102175184477e-05,-0.0018842190227439828,15452.356142767001,-1245.2666835482726,3528.74539836516,8.742701436571824
536.484559637218,0.02377007738755084,-0.0007914746725542866,-0.03333282519257518,0.023782683750258833,-0.10716880671458606,-2.8503755634009846e-05,6.297057891619477e-05,-0.0018843492413818516,15470.136428361762,-1247.1789196987631,3528.7453882708755,8.742701582644315
536.4845596390526,0.023770080061652363,-0.0007915324089176999,-0.03333530664673962,0.02378268828845339,-0.10723167385037843,-2.7524195022521606e-05,6.297985928266337e-05,-0.0018844589744639493,15487.916593714976,-1249.0922735449103,3528.7453781767967,8.74270172255777
536.4845596412652,0.023770082744889,-0.0007915906464255162,-0.03333776415122337,0.023782692893181533,-0.10729454344708687,-2.9464354340931798e-05,6.298918700544267e-05,-0.0018846663429984833,15505.69663873961,-1251.0067452349654,3528.7453680800613,8.742701855294682
536.4845596438703,0.023770085399805477,-0.000791648884266409,-0.03334025024465462,0.023782697492557854,-0.10735741776121259,-3.2158628981668743e-05,6.299861037324437e-05,-0.0018849041352509584,15523.476563359338,-1252.9223348178566,3528.7453579816547,8.742701980735697
536.4845596470476,0.02377008806623038,-0.0007917068294954836,-0.03334273046685974,0.023782702056181607,-0.10742029790925192,-3.254486353289698e-05,6.300793522915898e-05,-0.0018850609943646536,15541.256367501705,-1254.8390423063283,3528.745347883999,8.742702099134986
536.4845596508213,0.02377009077182096,-0.0007917644347993101,-0.03334517686372129,0.023782706583116875,-0.10748318400190618,-2.9511904904889084e-05,6.301705395159426e-05,-0.0018850941941944005,15559.036051090392,-1256.756867748792,3528.745337788135,8.74270221055901
536.4845596550599,0.02377009353206311,-0.0007918218984959234,-0.03334756798717794,0.023782711101892565,-0.10754607514408161,-2.3899602330025598e-05,6.302594545427532e-05,-0.0018850296393065848,15576.815614045212,-1258.675811229327,3528.7453276937244,8.742702314886538
536.4845596594765,0.023770096350271403,-0.0007918796645348231,-0.033349888895224514,0.023782715670502424,-0.10760896943488946,-1.8498807362795147e-05,6.303467518624455e-05,-0.001884961864979146,15594.595056282107,-1260.5958728676799,3528.7453175990463,8.742702411808635
536.4845596636292,0.023770099217589054,-0.0007919384224969733,-0.03335213115191198,0.023782720376405015,-0.10767186396764589,-1.8051373879794265e-05,6.304339513186166e-05,-0.0018850540372015768,15612.374377713159,-1262.5170528192639,3528.7453075009994,8.742702500828663
536.4845596671967,0.023770102060874373,-0.0007919981240508664,-0.03335437329759093,0.023782725199538685,-0.10773475918984515,-2.4371670980031635e-05,6.305236109660634e-05,-0.0018853808586798274,15630.153578253736,-1264.439351208764,3528.745297397628,8.742702581859648
536.4845596706548,0.023770104762635837,-0.0007920566838055332,-0.033356793421031324,0.023782729848075546,-0.10779766436951708,-2.732163724167764e-05,6.306163498927221e-05,-0.0018856174999625863,15647.932657839227,-1266.3627679751946,3528.745287294098,8.742702656490376
536.48455967388,0.02377010743174714,-0.0007921150041772332,-0.03335925329231968,0.02378273445913819,-0.10786057530556409,-2.960386442472632e-05,6.307098058320904e-05,-0.0018858369342909557,15665.711616388799,-1268.2873032077105,3528.745277189918,8.742702724937326
536.4845596767915,0.02377011010373439,-0.0007921733640303265,-0.033361708214919274,0.023782739075459858,-0.1079234906938228,-3.199894043008071e-05,6.308031843372211e-05,-0.0018860595224062706,15683.490453822858,-1270.2129569838748,3528.7452670850043,8.742702787641546
536.484559679423,0.02377011272475767,-0.0007922311438677757,-0.033364231051685726,0.02378274360683641,-0.10798641335008774,-3.204483200601868e-05,6.308973596474529e-05,-0.0018862108233892003,15701.269170064934,-1272.1397293522136,3528.7452569803418,8.74270284542724
536.4845596817003,0.023770115349651743,-0.0007922887816468265,-0.0333667526598476,0.023782748120239602,-0.10804934122925072,-3.0996483923885955e-05,6.309911163897221e-05,-0.0018863239785521652,15719.047765035122,-1274.0676203928288,3528.7452468757574,8.742702898811045
536.4845596834979,0.023770117992107747,-0.0007923465336127988,-0.03336925201916322,0.023782752651315454,-0.10811227319555684,-3.0123392330914277e-05,6.31084405908083e-05,-0.0018864398554077283,15736.826238652246,-1275.9966301974139,3528.7452367706055,8.742702948281549
536.4845596847583,0.023770120630321682,-0.0007924042653104839,-0.03337175567240569,0.023782757178537495,-0.10817520989390812,-2.9186671334121908e-05,6.311777840358627e-05,-0.0018865541533731867,15754.604590836749,-1277.9267588424761,3528.745226664805,8.742702994512175
536.4845596854487,0.02377012328036879,-0.0007924620894625139,-0.033374243801266995,0.0237827617195158,-0.108238150791867,-2.845363187702519e-05,6.312708695474324e-05,-0.0018866731678400719,15772.382821509287,-1279.858006402458,3528.7452165583754,8.742703038185915
536.4845596855414,0.023770125963648,-0.0007925201688496548,-0.03337668967260878,0.023782766299343467,-0.10830109512628859,-2.8362237559950278e-05,6.313631758573173e-05,-0.0018868080741852012,15790.160930590348,-1281.7903729531572,3528.745206451286,8.742703079977
536.4845596850026,0.02377012864661043,-0.0007925782860454713,-0.03337913436348653,0.023782770883546127,-0.10836404393406865,-2.847537445392849e-05,6.314555380383945e-05,-0.0018869498790430213,15807.93891800033,-1283.7238585710368,3528.745196343447,8.742703120601012
536.484559683843,0.02377013132990155,-0.000792636399025933,-0.03338157833961821,0.023782775466806495,-0.10842699739255598,-2.850273073690695e-05,6.315478628865943e-05,-0.0018870885852400785,15825.716783660382,-1285.658463325561,3528.7451862350576,8.742703160821344
536.4845596820696,0.0237701340149594,-0.0007926944991288896,-0.033384020364056716,0.02378278004827427,-0.10848995553441494,-2.8347754989347216e-05,6.316400861452859e-05,-0.0018872206590638278,15843.494527491306,-1287.5941872891822,3528.7451761262023,8.742703201340262
536.4845596796841,0.023770136702154502,-0.0007927526008093597,-0.03338645972454783,0.02378278462988921,-0.10855291829737741,-2.809509894351783e-05,6.317322217815489e-05,-0.001887348929071401,15861.272149413531,-1289.5310305376472,3528.7451660168363,8.742703242796404
536.4845596766833,0.023770139390789872,-0.0007928107416395301,-0.03338889623353023,0.023782789216381158,-0.10861588552424276,-2.801061748349431e-05,6.318243619861728e-05,-0.001887482586089607,15879.049649347118,-1291.4689931499952,3528.745155906787,8.742703285764783
536.4845596730801,0.023770142071173474,-0.0007928688734937694,-0.033391341401585145,0.023782793799686678,-0.10867885745233861,-2.8064160296040595e-05,6.319167744910221e-05,-0.0018876223119599488,15896.827027212368,-1293.408075202844,3528.7451457959687,8.742703330803987
536.4845596689444,0.023770144730629068,-0.0007929268128862585,-0.03339381339173861,0.023782798353665088,-0.10874183490522706,-2.743238024213771e-05,6.320096004079677e-05,-0.0018877422813727749,15914.604282930917,-1295.3482767605008,3528.7451356847696,8.742703378539256
536.4845596642873,0.023770147395944723,-0.0007929848127423252,-0.03339627747136026,0.02378280291613082,-0.10880481671820619,-2.6983189265496107e-05,6.321023143160503e-05,-0.0018878673784481967,15932.381416422511,-1297.2895979044001,3528.745125572938,8.742703429404548
536.4845596591314,0.023770150082692433,-0.0007930430280965221,-0.033398713259984954,0.023782807510103816,-0.10886780218032578,-2.72736327806713e-05,6.32194625193016e-05,-0.001888013861259334,15950.158427607108,-1299.232038713919,3528.7451154602936,8.742703483788599
536.4845596535185,0.0237701527915442,-0.0007931014723496032,-0.033401119744703556,0.023782812137450707,-0.1089307912327831,-2.837247789770451e-05,6.322865334283366e-05,-0.0018881839624180809,15967.935316405088,-1301.1755992644546,3528.745105346803,8.74270354205042
536.4845596475091,0.023770155508272033,-0.0007931600172685242,-0.03340351528016286,0.023782816778884813,-0.10899378446892304,-2.9860213422122665e-05,6.323783308232092e-05,-0.0018883658890751056,15985.71208273725,-1303.1202796274251,3528.7450952325757,8.742703604519303
536.4845596411827,0.023770158203747945,-0.0007932183929864417,-0.033405937588565644,0.02378282139396613,-0.10905678313423804,-3.082904985493839e-05,6.32470600590556e-05,-0.0018885338229198507,16003.488726524818,-1305.0660798702688,3528.745085117867,8.742703671494825
536.4845596346299,0.023770160850800588,-0.0007932763288953778,-0.03340842234924509,0.023782825942532938,-0.10911978847093713,-3.0309591779299633e-05,6.325638540574827e-05,-0.0018886595027848578,16021.265247689169,-1307.0130000588654,3528.745075002991,8.74270374321657
536.4845596278716,0.02377016354535676,-0.0007933346135539707,-0.03341084809343844,0.023782830544838488,-0.10918279680588355,-3.0644777906142144e-05,6.326560017067909e-05,-0.0018888059456667644,16039.041646149379,-1308.9610402800217,3528.745064887528,8.742703819620381
536.4845596209628,0.023770166239953042,-0.0007933929041417098,-0.0334132737242942,0.023782835147495955,-0.10924580975547422,-3.098389147945376e-05,6.327481603234266e-05,-0.0018889524908993096,16056.817921825976,-1310.9102006071644,3528.7450547714884,8.742703900799103
536.4845596139704,0.023770168885104453,-0.000793450817042243,-0.03341576133752969,0.02378283969146431,-0.10930882911649731,-3.0269864705562973e-05,6.328414488276296e-05,-0.001889071801340836,16074.594074639785,-1312.8604811108619,3528.745044654993,8.74270398680174
536.4845596069549,0.023770171479160215,-0.0007935083344857612,-0.033418313160307675,0.02378284417413539,-0.10937185497048103,-2.843585141007338e-05,6.329358963678529e-05,-0.001889161893207805,16092.370104511263,-1314.8118818649034,3528.7450345380653,8.74270407754967
536.4845595999699,0.023770174068303746,-0.0007935658045489982,-0.03342087155123642,0.023782848649333877,-0.1094348856836937,-2.6405227037863653e-05,6.33030442320762e-05,-0.001889246136074799,16110.146011360503,-1316.7644029462977,3528.745024420632,8.74270417283664
536.4845595930623,0.02377017674470229,-0.0007936239280396274,-0.033423321288994834,0.02378285322526819,-0.1094979179690802,-2.6060009079418672e-05,6.331229802190729e-05,-0.0018893725012449204,16127.92179510723,-1318.7180444352612,3528.745014302523,8.742704272330386
536.4845595862512,0.02377017941947704,-0.0007936821128750542,-0.03342577132987284,0.023782857808411887,-0.10956095464062096,-2.6129911627401257e-05,6.332156851840481e-05,-0.0018895132900755853,16145.697455671414,-1320.6728064096699,3528.7450041835523,8.742704375810733
536.4845595796062,0.02377018206652636,-0.0007937401216694918,-0.03342825535280267,0.023782862363099663,-0.1096239967954933,-2.5830093821537604e-05,6.333090875904733e-05,-0.0018896463409537288,16163.472992974022,-1322.6286889381622,3528.744994063927,8.742704483055169
536.4845595732046,0.02377018476261332,-0.0007937984562878051,-0.03343067953882852,0.023782866968886096,-0.10968704204454799,-2.6196944268096855e-05,6.334012930316576e-05,-0.0018897935133408172,16181.248406935809,-1324.585692091203,3528.7449839438436,8.74270459370817
536.484559567093,0.02377018752769359,-0.0007938572511970617,-0.03343301940116568,0.02378287164696661,-0.10975008974993024,-2.752606243196498e-05,6.334918158935968e-05,-0.0018899613830052854,16199.023697477145,-1326.5438159426294,3528.744973823335,8.742704707394623
536.4845595612871,0.023770190324915445,-0.0007939162734665309,-0.03343531978520054,0.02378287636017749,-0.10981314102507973,-2.9372258636644805e-05,6.335815793549728e-05,-0.0018901412420225382,16216.79886451801,-1328.5030605696506,3528.74496370227,8.742704823719821
536.4845595557719,0.02377019306061979,-0.0007939749227676848,-0.033437694868490644,0.023782881012995874,-0.10987619873473058,-3.0549554064256e-05,6.33672915387154e-05,-0.0018903090987749491,16234.573907978007,-1330.463426052848,3528.7449535803553,8.742704942269473
536.4845595505918,0.023770195717749142,-0.0007940330269992665,-0.033440167096068035,0.023782885579889283,-0.10993926366825804,-3.0434645997866288e-05,6.337661395645947e-05,-0.0018904467074235959,16252.34882777801,-1332.4249124610399,3528.744943457795,8.742705062667653
536.4845595458364,0.023770198417188526,-0.0007940913348521803,-0.03344258979106668,0.023782890180737693,-0.11000233224034642,-3.0388677982483012e-05,6.338581961984589e-05,-0.0018905792566609382,16270.123623839454,-1334.3875198579217,3528.744933335073,8.742705184486526
536.4845595414353,0.023770201089847297,-0.0007941495181438749,-0.0334450441593737,0.02378289475991398,-0.11006540607589375,-3.028072734716818e-05,6.339510046132448e-05,-0.001890714392795167,16287.898296080702,-1336.3512483347636,3528.7449232114923,8.742705307164076
536.4845595373617,0.02377020370373098,-0.0007942074155999242,-0.033447568051569086,0.02378289929044975,-0.11012848596715738,-2.998985095360756e-05,6.340454375954468e-05,-0.0018908536020164415,16305.67284442122,-1338.316097972798,3528.74491308677,8.742705430215501
536.4845595336388,0.023770206270341782,-0.000794265069642971,-0.0334501482719373,0.023782903780014138,-0.11019157169605275,-2.9458650012595217e-05,6.341411546646577e-05,-0.0018909929136889036,16323.447268781663,-1340.2820688423467,3528.7449029610675,8.742705553237363
536.4845595303384,0.023770208844678623,-0.0007943227263927275,-0.03345272057846727,0.02378290827091384,-0.11025466203415338,-2.8693270084033532e-05,6.342366020735692e-05,-0.0018911229003506778,16341.221569083871,-1342.249161002821,3528.744892834995,8.74270567590759
536.4845595275309,0.02377021150549377,-0.0007943807993699492,-0.03345519139934378,0.023782912831655418,-0.11031775496213013,-2.8099654762318403e-05,6.34329660931908e-05,-0.0018912435968018552,16358.995745249664,-1344.2173745137156,3528.744882709173,8.742705797904241
536.4845595249725,0.02377021417596659,-0.0007944392179269278,-0.033457643411722554,0.023782917438545735,-0.11038085103362548,-2.9445123597533955e-05,6.344229751356422e-05,-0.0018914286949351744,16376.76979719361,-1346.1867094998477,3528.744872581604,8.742705918463255
536.4845595227695,0.023770216839823315,-0.0007944975971304973,-0.033460103709013506,0.023782922038553773,-0.11044395194163603,-3.069912433345675e-05,6.345164621556703e-05,-0.001891611847687178,16394.543724839084,-1348.1571660065158,3528.7448624534004,8.742706037486338
536.4845595210342,0.02377021951012134,-0.0007945557476306465,-0.033462563456265165,0.023782926609567875,-0.1105070584499211,-3.025246814335993e-05,6.346093230131584e-05,-0.0018917359278522773,16412.317528109554,-1350.1287440779272,3528.7448523257326,8.74270615490148
536.484559519778,0.023770222197800145,-0.0007946136744734899,-0.033465011016736365,0.023782931154302463,-0.11057017050140439,-2.7821075824601677e-05,6.347011730149066e-05,-0.0018917893382143682,16430.09120692598,-1352.1014437808049,3528.7448421988997,8.742706270482135
536.4845595189109,0.02377022491168131,-0.000794671577101268,-0.0334674319518963,0.02378293570029802,-0.11063328721817398,-2.4445977798625133e-05,6.347920417533493e-05,-0.0018918060115468284,16447.864761206798,-1354.0752652043884,3528.7448320723297,8.742706383847212
536.484559518242,0.02377022765846851,-0.0007947298493523473,-0.033469809021424456,0.023782940299921104,-0.11069640690148237,-2.2493314110958553e-05,6.348823731065542e-05,-0.0018918654106125188,16465.63819086794,-1356.050208460434,3528.7448219445773,8.74270649446108
536.4845595175108,0.023770230433557547,-0.0007947889426320116,-0.03347213539222346,0.023782945010876175,-0.11075952764459666,-2.503109614792089e-05,6.349731186542436e-05,-0.0018920728985372677,16483.41149582368,-1358.0262736754244,3528.744811813623,8.742706601708408
536.4845595169224,0.023770233129856325,-0.0007948475469205415,-0.033474557647887246,0.02378294964296994,-0.11082265537818675,-2.6646436487803738e-05,6.350658616499398e-05,-0.0018922627714416116,16501.184676000725,-1360.00346086364,3528.744801681726,8.742706706068358
536.4845595164936,0.023770235797581377,-0.0007949059217443946,-0.03347701627998135,0.023782954239329832,-0.11088578883259034,-2.7572571024489618e-05,6.351592420478789e-05,-0.001892434186970304,16518.957731320195,-1361.9817700895762,3528.744791549292,8.742706807503094
536.4845595161437,0.0237702384869361,-0.0007949645333282985,-0.03347944642266872,0.023782958869908402,-0.11094892585794193,-2.938619669419793e-05,6.352522606280152e-05,-0.0018926320856112898,16536.73066170072,-1363.9612014399636,3528.744781415867,8.742706905823841
536.4845595158628,0.023770241181202252,-0.0007950232001514288,-0.033481870348868965,0.02378296350799429,-0.11101206728244152,-3.139130128208506e-05,6.353452058245305e-05,-0.001892835674360634,16554.50346706306,-1365.9417549823052,3528.7447712817034,8.742707001103167
536.4845595157,0.02377024381230239,-0.0007950812318257101,-0.03348437751290216,0.023782968051171006,-0.1110752162698695,-3.107133633390559e-05,6.35439333996555e-05,-0.0018929711116670313,16572.27614732973,-1367.923430768085,3528.744761147644,8.742707093635005
536.4845595155838,0.023770246458388947,-0.0007951392847698766,-0.0334868687649334,0.02378297259937959,-0.1111383697687644,-3.0430786897804714e-05,6.355329695952478e-05,-0.0018930930274391445,16590.048702419386,-1369.9062288834405,3528.7447510132747,8.7427071833358
536.4845595154399,0.023770249112654823,-0.0007951973919165742,-0.03348935041921574,0.02378297715557695,-0.11120152766160848,-2.9881105147445893e-05,6.356264152423366e-05,-0.001893216637036294,16607.82113225099,-1371.8901494114846,3528.7447408782473,8.742707270242912
536.4845595152295,0.02377025175145369,-0.0007952553894089505,-0.03349185159396336,0.023782981694023795,-0.11126469072418252,-2.9042223831101654e-05,6.357202391750584e-05,-0.0018933331306340655,16625.59343674444,-1373.8751924268568,3528.744730742533,8.742707354513227
536.4845595149222,0.023770254388535115,-0.0007953133774851683,-0.033494355259185205,0.023782986230335344,-0.11132785848490385,-2.8168203401903687e-05,6.358141210772829e-05,-0.0018934487625883033,16643.365615819577,-1375.861358004419,3528.7447206061156,8.742707436306192
536.4845595144923,0.02377025706423703,-0.0007953716495150327,-0.03349681143345517,0.02378299081022465,-0.11139102956248544,-2.799877657063192e-05,6.359071181281281e-05,-0.0018935816838762597,16661.13766939616,-1377.8486462197668,3528.744710468965,8.742707515785463
536.4845595138917,0.023770259735765128,-0.0007954299354132645,-0.03349927210450747,0.023782995390536067,-0.11145420524789297,-2.8017421943961544e-05,6.360003035750178e-05,-0.0018937217848295279,16678.9095973937,-1379.8370571505382,3528.7447003309244,8.742707593171897
536.4845595131154,0.023770262407431093,-0.0007954882251001346,-0.03350173302713788,0.02378299997078784,-0.11151738557031977,-2.8034515044426687e-05,6.360935059398541e-05,-0.0018938618528355705,16696.681399732523,-1381.826590866845,3528.7446901921544,8.74270766874758
536.4845595121592,0.023770265094598054,-0.0007955465964776754,-0.03350417605918938,0.023783004564008555,-0.11158057014801963,-2.811236548716701e-05,6.36186308308176e-05,-0.0018940013260648342,16714.45307633282,-1383.817247439933,3528.7446800527796,8.742707742788538
536.4845595110068,0.023770267799192703,-0.000795605061899751,-0.0335065988734736,0.023783009172172673,-0.11164375892245969,-2.8275994496169524e-05,6.362786636813182e-05,-0.001894140722937803,16732.224627114414,-1385.8090269441195,3528.744669912797,8.742707815560703
536.4845595096298,0.02377027050970532,-0.0007956635681720581,-0.03350901495777084,0.023783013786200555,-0.11170695215832042,-2.8513134904268555e-05,6.363708949764104e-05,-0.001894281642125,16749.99605199678,-1387.8019294567937,3528.7446597720755,8.742707887319916
536.4845595079883,0.023770273201220975,-0.0007957219965242393,-0.03351145358273474,0.02378301838596072,-0.11177015044351192,-2.8773146088628486e-05,6.364636938536844e-05,-0.0018944267201041068,16767.767350899023,-1389.7959550583896,3528.74464963036,8.742707958312119
536.4845595061801,0.02377027588620001,-0.0007957802172079436,-0.03351390504531376,0.02378302295695774,-0.11183335429010097,-2.7852859595336745e-05,6.365563878593947e-05,-0.001894532778860212,16785.538523743544,-1391.79110380001,3528.7446394885537,8.74270802900163
536.4845595042076,0.023770278587500325,-0.0007958383860106924,-0.03351634131391796,0.023783027523760738,-0.11189656296009182,-2.610406062794302e-05,6.36648425051443e-05,-0.0018946078105566819,16803.309570450132,-1393.7873757556324,3528.7446293466774,8.74270809965487
536.484559501945,0.023770281293533833,-0.0007958966844660682,-0.03351876986885652,0.023783032107775905,-0.11195977571882844,-2.5042253462101874e-05,6.367405376964587e-05,-0.0018947054904252226,16821.08049093535,-1395.7847710279464,3528.7446192036195,8.742708170315812
536.4845594993201,0.023770283994121958,-0.000795955196741891,-0.033521199232266215,0.023783036718024758,-0.11202299224165467,-2.5509282267395712e-05,6.368332386137503e-05,-0.0018948562897275337,16838.85128511703,-1397.7832897081062,3528.7446090587155,8.742708241109094
536.4845594963143,0.023770286680495654,-0.0007960139096402181,-0.03352363896811147,0.02378304135114412,-0.1120862126139142,-2.767333110733476e-05,6.369268211753051e-05,-0.0018950674757553087,16856.62195291429,-1399.7829318757317,3528.7445989117496,8.742708312240028
536.4845594929628,0.023770289345295386,-0.0007960727125973441,-0.033526099682184285,0.023783045991386125,-0.1121494373309506,-3.1028923939357106e-05,6.370213593057891e-05,-0.0018953231118302343,16874.392494247535,-1401.7836975989067,3528.744588762954,8.742708383994595
536.4845594893544,0.02377029198257115,-0.0007961313976838007,-0.03352859302210432,0.02378305061061823,-0.1122126672981073,-3.4396924614828624e-05,6.371167074825472e-05,-0.0018955840573039915,16892.162909038452,-1403.7855869341804,3528.7445786130106,8.74270845673944
536.4845594856314,0.02377029458778245,-0.0007961896596043571,-0.033531131677318804,0.0237830551683232,-0.11227590383072761,-3.592453687904305e-05,6.372125007356032e-05,-0.0018957879675582548,16909.93319721001,-1405.7885999265668,3528.7445684630475,8.742708530921883
536.4845594819869,0.023770297158808386,-0.0007962471094865082,-0.03353372796149598,0.023783059613582284,-0.11233914859212629,-3.3145727379658284e-05,6.37308142203142e-05,-0.0018958511765412877,16927.70335868638,-1407.7927366102672,3528.744558314615,8.742708607062783
536.4845594782687,0.02377029979480631,-0.0007963048478594002,-0.03353624927902068,0.02378306410819717,-0.11240239657111009,-3.0347529664763535e-05,6.37401971799534e-05,-0.0018959024463850232,16945.473393382264,-1409.7979971034533,3528.7445481660657,8.742708684845935
536.4845594743705,0.023770302485967048,-0.0007963630695265024,-0.033538700898262525,0.02378306867559265,-0.11246564697067565,-2.908026047693064e-05,6.374946787865717e-05,-0.0018959963275643448,16963.243301214086,-1411.8043815089018,3528.744538016284,8.74270876414603
536.4845594703673,0.023770305172816412,-0.0007964212183809569,-0.03354115967817713,0.02378307323223489,-0.11252890235431748,-2.744911293682229e-05,6.375874388223933e-05,-0.0018960786483174998,16981.01308210314,-1413.8118898860014,3528.744527865809,8.74270884522996
536.4845594662577,0.023770307859906192,-0.0007964793793061893,-0.03354361865146995,0.023783077790061127,-0.11259216234602169,-2.5874514727962655e-05,6.376802362489756e-05,-0.0018961629421399315,16998.782735968365,-1415.8205223148884,3528.7445177144123,8.74270892810664
536.4845594619828,0.023770310593589316,-0.0007965380705760151,-0.03354601573256349,0.02378308242527612,-0.1126554245871641,-2.6385213946497768e-05,6.37772303444218e-05,-0.0018963102424124395,17016.552262726967,-1417.8302788908445,3528.7445075613045,8.742709012592917
536.4845594576148,0.02377031330815088,-0.0007965967006956857,-0.033548435230672705,0.023783087048540968,-0.11271869181233991,-2.703630644898844e-05,6.378649785084897e-05,-0.0018964657581886282,17034.3216623001,-1419.8411596741369,3528.744497406988,8.742709098873068
536.4845594532093,0.023770316017545517,-0.0007966553031653949,-0.033550861648167216,0.02378309166685481,-0.11278196383354647,-2.764264491681923e-05,6.37957817237108e-05,-0.0018966207435072524,17052.090934608066,-1421.8531647323036,3528.744487251729,8.742709186986755
536.4845594487948,0.023770318734164995,-0.0007967139576638641,-0.03355327991923664,0.023783096292927953,-0.1128452402712207,-2.8364081474119343e-05,6.380505118961126e-05,-0.0018967784806503498,17069.860079570484,-1423.8662941390173,3528.744477095555,8.742709276895505
536.4845594443907,0.023770321440339096,-0.0007967725394257949,-0.03355571181623924,0.02378310090719759,-0.1129085217149054,-2.890022006307414e-05,6.381434817040665e-05,-0.0018969318201532193,17087.629097106874,-1425.8805479685764,3528.744466938452,8.742709368552065
536.4845594400239,0.023770324122916357,-0.0007968309379377417,-0.033558174003305186,0.023783105492809938,-0.11297180867865371,-2.8912791590958076e-05,6.382370079607274e-05,-0.001897071532670946,17105.397987136945,-1427.8959262934136,3528.7444567804814,8.742709461901084
536.4845594357239,0.0237703268117455,-0.0007968893543041566,-0.033560629954734585,0.023783110081569744,-0.11303510020862928,-2.8846557362074725e-05,6.383303654018049e-05,-0.0018972075598063882,17123.166749580276,-1429.912429187131,3528.744446621684,8.74270955682857
536.4845594314886,0.023770329497312146,-0.00079694776470316,-0.03356309026773309,0.023783114668584005,-0.11309839643778442,-2.8821520204721185e-05,6.384238549366026e-05,-0.0018973456531351373,17140.9353843558,-1431.9300567287457,3528.7444364618673,8.742709653180944
536.4845594273261,0.023770332174544058,-0.0007970061516790011,-0.03356556071521985,0.02378311925062801,-0.11316169745741146,-2.8870745032999476e-05,6.385176286403785e-05,-0.0018974878255539885,17158.70389138275,-1433.9488089946194,3528.7444263009456,8.742709750812343
536.4845594232556,0.0237703348442415,-0.0007970645126167065,-0.033568040525623996,0.023783123827518047,-0.11322500327636796,-2.895411695731696e-05,6.386116529879358e-05,-0.0018976325702235142,17176.47227058065,-1435.9686860582929,3528.7444161389444,8.742709849585214
536.4845594193079,0.023770337513077264,-0.0007971228597420795,-0.03357052238288465,0.023783128402111383,-0.11328831382107668,-2.895834128438633e-05,6.387057088536231e-05,-0.001897774860568063,17194.240521869342,-1437.9896879904866,3528.7444059760046,8.742709949370317
536.4845594155174,0.023770340193542856,-0.0007971812344516398,-0.03357299211242873,0.023783132982161587,-0.11335162887468107,-2.8791665986459678e-05,6.387994183570111e-05,-0.0018979093878147438,17212.008645168782,-1440.0118148606825,3528.7443958123163,8.74271005003372
536.4845594118327,0.023770342890537446,-0.0007972398031361037,-0.03357544027133969,0.023783137590257398,-0.11341494771293256,-2.9394308781751145e-05,6.38892894134791e-05,-0.0018980673385564225,17229.77664039674,-1442.03506675752,3528.744385647323,8.742710151280269
536.4845594082852,0.0237703455878362,-0.0007972983958705722,-0.03357788826882847,0.02378314220121214,-0.11347827111289761,-3.013010454569407e-05,6.389864245432233e-05,-0.0018982298654659927,17247.544507473278,-1444.05944374934,3528.744375481244,8.742710252996298
536.484559404922,0.023770348274384897,-0.000797356842208071,-0.03358035210472203,0.023783146790749315,-0.11354159983693146,-3.0210147644197053e-05,6.390801109669916e-05,-0.001898372012917737,17265.312246318896,-1446.0849459005394,3528.7443653144537,8.742710355098948
536.4845594017636,0.023770350947848396,-0.000797415088414391,-0.03358283561663463,0.023783151351435123,-0.11360493412183761,-2.9352505797560244e-05,6.391739438859346e-05,-0.0018984845803222904,17283.079856853386,-1448.1115732815147,3528.7443551471,8.742710457451665
536.4845593988033,0.02377035361461066,-0.0007974731974680887,-0.0335853304799678,0.023783155892678473,-0.11366827367886789,-2.7782220080475355e-05,6.392678028750464e-05,-0.001898574122126641,17300.847338995845,-1450.1393259686633,3528.744344979102,8.742710559864198
536.484559396008,0.023770356289774745,-0.0007975313490604859,-0.03358781620791035,0.02378316044073098,-0.11373161769372236,-2.6231304922025634e-05,6.39361456604477e-05,-0.001898662947814129,17318.61469266467,-1452.1682040443834,3528.7443348101515,8.742710662092604
536.4845593933176,0.0237703589971628,-0.00079758983959567,-0.033590260151438366,0.023783165038686965,-0.11379496482654944,-2.5938748105685925e-05,6.394545628395312e-05,-0.0018987891219044478,17336.38191777756,-1454.198207597073,3528.744324639712,8.742710763839238
536.4845593907062,0.023770361719372836,-0.0007976485833089585,-0.03359268276013331,0.023783169672087177,-0.11385831549983885,-2.68490514301902e-05,6.395475986594917e-05,-0.0018989537886735398,17354.149014253344,-1456.229336704998,3528.7443144676167,8.742710864934333
536.4845593882544,0.023770364393369856,-0.000797706928656714,-0.03359516697729424,0.023783174244191737,-0.11392167269479553,-2.6546485587829467e-05,6.396417000725418e-05,-0.0018990856255136333,17371.915982013874,-1458.261591419871,3528.7443042947043,8.74271096548939
536.4845593859213,0.023770367086199125,-0.0007977654407091561,-0.03359762792252841,0.023783178841261347,-0.11398503378609211,-2.6769651685946916e-05,6.397354364762664e-05,-0.00189923218377343,17389.682820977203,-1460.2949718265265,3528.744294120601,8.742711065237303
536.4845593836815,0.023770369824514134,-0.0007978243503302929,-0.03360003168651798,0.023783183498396893,-0.11404839770373569,-2.8250051662800024e-05,6.398282498984116e-05,-0.001899413740913205,17407.449531062,-1462.3294780041929,3528.7442839451282,8.742711164005879
536.4845593815331,0.02377037258599653,-0.000797883472398037,-0.03360240644030537,0.0237831881872692,-0.11411176530939855,-3.0428108686545015e-05,6.399206216259664e-05,-0.0018996151201476274,17425.21611218784,-1464.3651100241393,3528.7442737683887,8.74271126174523
536.4845593794986,0.023770375299356133,-0.0007979422058042054,-0.03360484243529324,0.023783192816119077,-0.11417513939641818,-3.1453167155236794e-05,6.400140722051633e-05,-0.0018997856904457578,17442.98256427519,-1466.4018679496774,3528.7442635907655,8.742711358527771
536.4845593775935,0.023770377962182388,-0.0007980004707170307,-0.033607344271245176,0.02378319737410961,-0.1142385203130022,-3.0876026543138984e-05,6.401085495835478e-05,-0.0018999105652829386,17460.748887243994,-1468.4397518484566,3528.7442534125134,8.742711454355275
536.4845593757693,0.023770380668727574,-0.0007980590384814068,-0.03360979322368788,0.02378320197951099,-0.11430190446641346,-3.099121233191114e-05,6.402020029328098e-05,-0.0019000514948109778,17478.51508101203,-1470.4787618070632,3528.7442432332073,8.742711549004676
536.484559373999,0.023770383349264627,-0.0007981174211065336,-0.03361227495736246,0.02378320655556074,-0.11436529416311546,-3.0637734219437844e-05,6.402960935118878e-05,-0.001900181075008985,17496.281145498444,-1472.5188978997858,3528.7442330528042,8.742711642492825
536.484559372265,0.023770385980227064,-0.00079817545072518,-0.033614818505065286,0.023783211075936426,-0.1144286901953887,-2.9404218110410184e-05,6.403913777872123e-05,-0.001900289397591584,17514.04708062242,-1474.5601602006866,3528.744222871298,8.74271173482424
536.484559370559,0.023770388589130092,-0.0007982333177191659,-0.0336173901252436,0.023783215570651935,-0.1144920916628783,-2.773476781777631e-05,6.404871966087235e-05,-0.0019003867991821265,17531.81288630308,-1476.6025487840054,3528.7442126887045,8.742711825984063
536.4845593688815,0.023770391254570616,-0.0007982915707193627,-0.033619893301995475,0.023783220126057464,-0.11455549597259383,-2.6928965062741455e-05,6.405816752098714e-05,-0.0019005038613126926,17549.57856245952,-1478.6460637241607,3528.7442025050627,8.74271191593806
536.4845593671912,0.023770393961541295,-0.0007983501572482103,-0.03362234510342385,0.023783224732468147,-0.1146189033974076,-2.707830602268268e-05,6.406752619903291e-05,-0.0019006463180901811,17567.344109010177,-1480.690705101188,3528.744192320138,8.742712004680156
536.4845593654622,0.023770396637983707,-0.0007984085709557918,-0.03362483411381832,0.023783229310291934,-0.11468231632959625,-2.6969769213616602e-05,6.407696704182741e-05,-0.0019007853993473754,17585.109525874148,-1482.7364729891524,3528.744182133896,8.74271209230757
536.4845593637268,0.023770399343024513,-0.0007984671507425362,-0.03362728965750079,0.023783233914893773,-0.1147457331330213,-2.710165790781104e-05,6.408633630047587e-05,-0.0019009277786490983,17602.874812971397,-1484.783367454546,3528.744171946672,8.742712178908516
536.4845593619875,0.023770402097981074,-0.0007985260224259454,-0.03362968616036874,0.02378323856671053,-0.11480915320255392,-2.7677263644603696e-05,6.409557918980511e-05,-0.0019010766676952006,17620.639970221233,-1486.8313885693196,3528.7441617585673,8.742712264559273
536.4845593602166,0.0237704048857093,-0.0007985850945298848,-0.03363204394181337,0.023783243250578966,-0.11487257698413825,-2.8596301054720238e-05,6.410474150289726e-05,-0.0019012316381478054,17638.404997542326,-1488.880536410921,3528.7441515694472,8.742712349324291
536.4845593583567,0.023770407650603665,-0.0007986440582845836,-0.03363442921471961,0.023783247915735727,-0.11493600597479157,-2.945490786027432e-05,6.411396961108972e-05,-0.0019013886216313078,17656.169894852683,-1490.9308110622924,3528.744141378942,8.7427124332562
536.4845593563849,0.023770410347549512,-0.0007987026102948201,-0.033636897079788064,0.023783252514103695,-0.11499944161437632,-2.9581964214140528e-05,6.412337307017998e-05,-0.0019015326146134032,17673.934662071148,-1492.982212599089,3528.74413118697,8.742712516473816
536.4845593544206,0.023770413074684187,-0.0007987612031016905,-0.03363933309622728,0.02378325712324109,-0.11506288165534137,-2.9090251729092213e-05,6.413267751022726e-05,-0.0019016503544352166,17691.699299119566,-1495.0347410707607,3528.7441209945537,8.742712599232016
536.4845593523505,0.023770415797674065,-0.0007988198108143326,-0.03364177384754622,0.02378326173327607,-0.11512632632043791,-2.8800503689926267e-05,6.414200196018518e-05,-0.0019017757913089637,17709.46380591423,-1497.088396574681,3528.744110800772,8.742712681458482
536.4845593500977,0.023770418485580577,-0.0007988783583409639,-0.033644253648633084,0.023783266328568396,-0.11518977603087141,-2.911605791476906e-05,6.415144469222494e-05,-0.0019019280611137003,17727.228182372324,-1499.1431792003934,3528.7441006050108,8.742712763149221
536.4845593476502,0.023770421129505736,-0.0007989367971946803,-0.03364678306774779,0.023783270901118668,-0.11525323102254632,-2.9978191102912476e-05,6.416102932346184e-05,-0.0019021067134426255,17744.992428412592,-1501.1990890237746,3528.7440904072014,8.742712844406887
536.4845593450611,0.023770423742592132,-0.0007989951054934562,-0.033649348926522035,0.023783275450568298,-0.11531669134606612,-3.086611883481395e-05,6.417070481595532e-05,-0.0019022917116030833,17762.756543955347,-1503.256126107034,3528.7440802078204,8.742712925440761
536.4845593424485,0.023770426360022946,-0.0007990532879601452,-0.03365191429995923,0.02378327998419954,-0.11538015686673318,-3.079699557209644e-05,6.418034547670895e-05,-0.0019024434326165623,17780.520528922472,-1505.3142904987142,3528.7440700078896,8.742713006566778
536.4845593399172,0.023770429032982373,-0.0007991114992681822,-0.03365442164208299,0.02378328453188478,-0.11544362675902574,-2.9301772005215946e-05,6.418979413856156e-05,-0.0019025369757755374,17798.284383235346,-1507.3735822514848,3528.7440598082803,8.742713088051088
